  npes   npe   mpe   idm   jdm  ibig  jbig  nreg  minsea  maxsea  avesea
   464    24    24  1440  1153    60    49     2       1    2940    2144

ispt(  1) =      0     0     0     0   245   301     0     0
                 0     0     0     0     0     0     0     0
                 0     0  1094  1141  1201     0     0     0
iipe(  1) =      0     0     0     0    56    12     0     0
                 0     0     0     0     0     0     0     0
                 0     0    47    60    54     0     0     0
ispt(  2) =      1     0     0   193   241   301     0     0
                 0     0     0     0     0     0     0     0
                 0     0  1090  1141  1201  1261  1321  1429
iipe(  2) =     35     0     0    48    60    52     0     0
                 0     0     0     0     0     0     0     0
                 0     0    51    60    60    60    48    12
ispt(  3) =      1    61   121   194   241   301   361   421
               484   541     0   713   721     0     0     0
                 0     0  1087  1141  1201  1261  1321  1381
iipe(  3) =     60    60    31    47    60    60    60    48
                57    16     0     8    10     0     0     0
                 0     0    54    60    60    60    60    60
ispt(  4) =      1    61   121   195   241   301   361   421
               481   541   601   665   721   781   841   901
               961  1021  1081  1141  1201  1261  1321  1381
iipe(  4) =     60    60    57    46    60    60    60    60
                60    60    46    56    60    60    60    60
                60    60    60    60    60    60    60    60
ispt(  5) =      1    61   121   181   241   301   361   421
               481   541   601   661   721   781   841   901
               961  1021  1081  1141  1201  1261  1321  1381
iipe(  5) =     60    60    60    60    60    60    60    60
                60    60    60    60    60    60    60    60
                60    60    60    60    60    60    60    60
ispt(  6) =      1    61   121   181   241   301   361   421
               481   541   601   661   721   781   841   901
               961  1021  1081  1141  1201  1261  1321  1381
iipe(  6) =     60    60    60    60    60    60    60    60
                60    60    60    60    60    60    60    60
                60    60    60    60    60    60    60    60
ispt(  7) =      1    61   121   181   241   301   361   421
               481   541   601   661   721   781   841   901
               961  1021  1081  1141  1201  1261  1321  1381
iipe(  7) =     60    60    60    60    60    60    60    60
                60    60    60    60    60    60    60    60
                60    60    60    60    60    60    60    60
ispt(  8) =      1    61   121   181   241   301   361   421
               481   541   601   661   721   781   841   901
               961  1021  1081  1141  1201  1261  1321  1381
iipe(  8) =     60    60    60    60    60    60    60    60
                60    60    60    60    60    60    60    60
                60    60    60    60    60    60    60    60
ispt(  9) =      1    61   121   193   241   301   361   421
               481   541   601   661   721   781   841   901
               961  1021  1081  1141  1201  1261  1321  1381
iipe(  9) =     60    60    36    48    60    60    60    60
                60    60    60    60    60    60    60    60
                60    60    60    60    60    60    60    60
ispt( 10) =      1    61   121     0   241   301   361   421
               481   566   601   661   721   781   841   901
              1000  1024  1081  1141  1201  1261  1321  1381
iipe( 10) =     60    60    41     0    60    60    60    60
                28    35    60    60    60    60    60    35
                 5    57    60    60    60    60    60    60
ispt( 11) =      1    61   121     0   282   301   361   421
               481   587   601   661   721   781   841   901
               961  1021  1081  1141  1201  1261  1321  1381
iipe( 11) =     60    60    39     0    19    60    60    60
                16    14    60    60    60    60    60    60
                60    60    60    60    60    60    60    60
ispt( 12) =      1    61   121   207   241   301   361   421
               481   595   601   661   721   781   841   901
               961  1021  1081  1141  1201  1261  1321  1381
iipe( 12) =     60    60    12    34    60    60    60    60
                11     6    60    60    60    60    60    60
                60    60    60    60    60    60    60    60
ispt( 13) =      1    61   121   181   241   301   361   441
                 0   592   601   661   721   781   841   901
               961  1021  1081  1141  1201  1261  1321  1381
iipe( 13) =     60    60    60    60    60    60    41    21
                 0     9    60    60    60    60    60    60
                60    60    60    60    60    60    60    60
ispt( 14) =      1    61   121   181   241   301   361     0
                 0   570   601   661   721   781   863   901
               961  1021  1081  1141  1201  1261  1321  1381
iipe( 14) =     60    60    60    60    60    60    41     0
                 0    31    60    60    60    39    38    60
                60    60    60    60    60    60    60    60
ispt( 15) =     54    61   121   181   241   301   361   421
               481   541   633     0     0     0     0   911
               961  1021  1081  1141  1201  1261  1321  1381
iipe( 15) =      7    60    60    60    60    60    60    60
                60    45    13     0     0     0     0    50
                60    60    60    60    60    60    60    54
ispt( 16) =      0     0   136   181   241   301   361   421
               481   541   601     0     0     0     0   911
               961  1021  1081  1141  1201  1261  1321  1381
iipe( 16) =      0     0    45    60    60    60    60    60
                60    60     8     0     0     0     0    50
                60    60    60    60    60    60    60     8
ispt( 17) =      0   112   121   181   241   301   361   421
               481     0     0     0     0     0     0     0
               983  1021  1081  1141  1201  1261  1321  1381
iipe( 17) =      0     9    60    60    60    60    60    60
                39     0     0     0     0     0     0     0
                38    60    60    60    60    60    60    10
ispt( 18) =      0    73   121   181   241   301   361   421
               481   541     0     0     0     0     0     0
               983  1021  1081  1141  1201  1261  1321     0
iipe( 18) =      0    48    60    60    60    60    60    60
                60     7     0     0     0     0     0     0
                38    60    60    60    60    60    42     0
ispt( 19) =      0    65   121   181   241   301   361   421
               501   541     0     0     0     0     0     0
                 0  1068  1081  1141  1201  1261  1321     0
iipe( 19) =      0    56    60    60    60    60    60    57
                40    14     0     0     0     0     0     0
                 0    13    60    60    60    60    23     0
ispt( 20) =      0    67   121   181   241   312   361   421
               481   544     0     0     0     0     0     0
               986  1021  1081  1141  1201     0     0     0
iipe( 20) =      0    54    60    60    23    49    60    60
                45    38     0     0     0     0     0     0
                35    60    60    60    17     0     0     0
ispt( 21) =      0    92   121   181   241   345   361   421
               481   541     0     0     0     0     0   952
               961  1021  1081  1141  1201  1261     0     0
iipe( 21) =      0    29    60    60    24    16    60    60
                60    56     0     0     0     0     0     9
                60    60    60    60    60    31     0     0
ispt( 22) =      0   103   121   181   241   344   361   421
               481   541   601     0     0     0     0   932
               961  1021  1081  1141  1201  1261     0     0
iipe( 22) =      0    18    60    60    24    17    60    60
                60    60     6     0     0     0     0    29
                60    60    60    60    60    51     0     0
ispt( 23) =      0    94   121   181   241   301   361   421
               481   541   601     0     0   811   856   901
               961  1021  1081  1141  1201  1261  1321     0
iipe( 23) =      0    27    60    60    60    60    60    60
                60    60    15     0     0    19    45    60
                60    60    60    60    60    60    14     0
ispt( 24) =      0    61   121   181   241   301   361   421
               481   541   601     0     0   781   841   901
               961  1021  1081  1141  1201  1261  1321     0
iipe( 24) =      0    60    60    60    60    60    60    60
                60    60    60     0     0    60    60    60
                60    60    60    60    60    60    60     0
 
jspt(  1) =      1    49    97   145   193   241   289   337
               385   433   481   529   578   626   674   722
               770   818   866   914   962  1010  1058  1106
jjpe(  1) =     48    48    48    48    48    48    48    48
                48    48    48    49    48    48    48    48
                48    48    48    48    48    48    48    48
