  npes   npe   mpe   idm   jdm  ibig  jbig  nreg  minsea  maxsea  avesea
  1822    60    42  1440  1153    24    28     2       0     672     546

ispt(  1) =      0     0     0     0     0     0     0     0
                 0     0     0   265   289     0     0     0
                 0     0     0     0     0     0     0     0
                 0     0     0     0     0     0     0     0
                 0     0     0     0     0     0     0     0
                 0     0     0     0     0     0     0     0
                 0     0  1220  1225     0     0     0     0
                 0     0     0     0
iipe(  1) =      0     0     0     0     0     0     0     0
                 0     0     0    24     4     0     0     0
                 0     0     0     0     0     0     0     0
                 0     0     0     0     0     0     0     0
                 0     0     0     0     0     0     0     0
                 0     0     0     0     0     0     0     0
                 0     0     5     7     0     0     0     0
                 0     0     0     0
ispt(  2) =      0     0     0     0     0     0     0     0
                 0   237   241   265   289   313     0     0
                 0     0     0     0     0     0     0     0
                 0     0     0     0     0     0     0     0
                 0     0     0     0     0     0     0     0
                 0     0     0     0     0  1090  1105  1129
              1153  1177  1201  1225  1249  1273     0     0
                 0     0     0     0
iipe(  2) =      0     0     0     0     0     0     0     0
                 0     4    24    24    24     6     0     0
                 0     0     0     0     0     0     0     0
                 0     0     0     0     0     0     0     0
                 0     0     0     0     0     0     0     0
                 0     0     0     0     0    15    24    24
                24    24    24    24    24     6     0     0
                 0     0     0     0
ispt(  3) =      0     0     0     0     0     0     0     0
               204   217   241   265   289   313   337     0
                 0     0     0     0     0     0     0     0
                 0     0     0     0     0     0     0     0
                 0     0     0     0     0     0     0     0
                 0     0     0     0     0  1090  1105  1129
              1153  1177  1201  1225  1249  1273  1297     0
                 0     0     0     0
iipe(  3) =      0     0     0     0     0     0     0     0
                13    24    24    24    24    24     5     0
                 0     0     0     0     0     0     0     0
                 0     0     0     0     0     0     0     0
                 0     0     0     0     0     0     0     0
                 0     0     0     0     0    15    24    24
                24    24    24    24    24    24    24     0
                 0     0     0     0
ispt(  4) =      1    25     0     0   101     0     0     0
               193   217   241   265   289   313   337     0
                 0     0     0     0     0     0     0     0
                 0     0     0     0     0     0     0     0
                 0     0     0     0     0     0     0     0
                 0     0     0     0     0  1091  1105  1129
              1153  1177  1201  1225  1249  1273  1297  1321
              1345  1369  1393  1417
iipe(  4) =     24    11     0     0    16     0     0     0
                24    24    24    24    24    24    24     0
                 0     0     0     0     0     0     0     0
                 0     0     0     0     0     0     0     0
                 0     0     0     0     0     0     0     0
                 0     0     0     0     0    14    24    24
                24    24    24    24    24    24    24    24
                24    24    24    24
ispt(  5) =      1    25    49    73    97   121   145     0
               197   217   241   265   289   313   337   361
               385   409   433     0     0     0     0     0
                 0     0     0     0     0   713   721     0
                 0     0     0     0     0     0     0     0
                 0     0     0     0     0     0  1105  1129
              1153  1177  1201  1225  1249  1273  1297  1321
              1345  1369  1393  1417
iipe(  5) =     24    24    24    24    24    24     7     0
                20    24    24    24    24    24    24    24
                24    24    10     0     0     0     0     0
                 0     0     0     0     0     8     5     0
                 0     0     0     0     0     0     0     0
                 0     0     0     0     0     0    24    24
                24    24    24    24    24    24    24    24
                24    24    24    24
ispt(  6) =      1    25    49    73    97   121   145   169
               193   217   241   265   289   313   337   361
               385   409   433   457   481   505   529   553
               577     0     0     0     0   714   721   745
                 0     0     0     0     0     0     0     0
                 0     0     0     0  1064  1081  1105  1129
              1153  1177  1201  1225  1249  1273  1297  1321
              1345  1369  1393  1417
iipe(  6) =     24    24    24    24    24    24    24    24
                24    24    24    24    24    24    24    24
                24    24    24    24    24    24    24    24
                24     0     0     0     0     7    24     8
                 0     0     0     0     0     0     0     0
                 0     0     0     0    17    24    24    24
                24    24    24    24    24    24    24    24
                24    24    24    24
ispt(  7) =      1    25    49    73    97   121   145   169
               193   217   241   265   289   313   337   361
               385   409   433   457   481   505   529   553
               577   601   625   667   673   697   721   745
               769   793   817   841   868   898   913   937
                 0   993  1009  1033  1057  1081  1105  1129
              1153  1177  1201  1225  1249  1273  1297  1321
              1345  1369  1393  1417
iipe(  7) =     24    24    24    24    24    24    24    24
                24    24    24    24    24    24    24    24
                24    24    24    24    24    24    24    24
                24    24    19     6    24    24    24    24
                24    24    24     3    17    15    24    24
                 0    16    24    24    24    24    24    24
                24    24    24    24    24    24    24    24
                24    24    24    24
ispt(  8) =      1    25    49    73    97   121   145   169
               193   217   241   265   289   313   337   361
               385   409   433   457   481   505   529   553
               577   601   625   649   673   697   721   745
               769   793   817   841   865   889   913   937
               961   985  1009  1033  1057  1081  1105  1129
              1153  1177  1201  1225  1249  1273  1297  1321
              1345  1369  1393  1417
iipe(  8) =     24    24    24    24    24    24    24    24
                24    24    24    24    24    24    24    24
                24    24    24    24    24    24    24    24
                24    24    24    24    24    24    24    24
                24    24    24    24    24    24    24    24
                24    24    24    24    24    24    24    24
                24    24    24    24    24    24    24    24
                24    24    24    24
ispt(  9) =      1    25    49    73    97   121   145   169
               193   217   241   265   289   313   337   361
               385   409   433   457   481   505   529   553
               577   601   625   649   673   697   721   745
               769   793   817   841   865   889   913   937
               961   985  1009  1033  1057  1081  1105  1129
              1153  1177  1201  1225  1249  1273  1297  1321
              1345  1369  1393  1417
iipe(  9) =     24    24    24    24    24    24    24    24
                24    24    24    24    24    24    24    24
                24    24    24    24    24    24    24    24
                24    24    24    24    24    24    24    24
                24    24    24    24    24    24    24    24
                24    24    24    24    24    24    24    24
                24    24    24    24    24    24    24    24
                24    24    24    24
ispt( 10) =      1    25    49    73    97   121   145   169
               193   217   241   265   289   313   337   361
               385   409   433   457   481   505   529   553
               577   601   625   649   673   697   721   745
               769   793   817   841   865   889   913   937
               961   985  1009  1033  1057  1081  1105  1129
              1153  1177  1201  1225  1249  1273  1297  1321
              1345  1369  1393  1417
iipe( 10) =     24    24    24    24    24    24    24    24
                24    24    24    24    24    24    24    24
                24    24    24    24    24    24    24    24
                24    24    24    24    24    24    24    24
                24    24    24    24    24    24    24    24
                24    24    24    24    24    24    24    24
                24    24    24    24    24    24    24    24
                24    24    24    24
ispt( 11) =      1    25    49    73    97   121   145   169
               193   217   241   265   289   313   337   361
               385   409   433   457   481   505   529   553
               577   601   625   649   673   697   721   745
               769   793   817   841   865   889   913   937
               961   985  1009  1033  1057  1081  1105  1129
              1153  1177  1201  1225  1249  1273  1297  1321
              1345  1369  1393  1417
iipe( 11) =     24    24    24    24    24    24    24    24
                24    24    24    24    24    24    24    24
                24    24    24    24    24    24    24    24
                24    24    24    24    24    24    24    24
                24    24    24    24    24    24    24    24
                24    24    24    24    24    24    24    24
                24    24    24    24    24    24    24    24
                24    24    24    24
ispt( 12) =      1    25    49    73    97   121   145   169
               193   217   241   265   289   313   337   361
               385   409   433   457   481   505   529   553
               577   601   625   649   673   697   721   745
               769   793   817   841   865   889   913   937
               961   985  1009  1033  1057  1081  1105  1129
              1153  1177  1201  1225  1249  1273  1297  1321
              1345  1369  1393  1417
iipe( 12) =     24    24    24    24    24    24    24    24
                24    24    24    24    24    24    24    24
                24    24    24    24    24    24    24    24
                24    24    24    24    24    24    24    24
                24    24    24    24    24    24    24    24
                24    24    24    24    24    24    24    24
                24    24    24    24    24    24    24    24
                24    24    24    24
ispt( 13) =      1    25    49    73    97   121   145   169
               193   217   241   265   289   313   337   361
               385   409   433   457   481   505   529   553
               577   601   625   649   673   697   721   745
               769   793   817   841   865   889   913   937
               961   985  1009  1033  1057  1081  1105  1129
              1153  1177  1201  1225  1249  1273  1297  1321
              1345  1369  1393  1417
iipe( 13) =     24    24    24    24    24    24    24    24
                24    24    24    24    24    24    24    24
                24    24    24    24    24    24    24    24
                24    24    24    24    24    24    24    24
                24    24    24    24    24    24    24    24
                24    24    24    24    24    24    24    24
                24    24    24    24    24    24    24    24
                24    24    24    24
ispt( 14) =      1    25    49    73    97   121   145   178
               193   217   241   265   289   313   337   361
               385   409   433   457   481   505   529   553
               577   601   625   649   673   697   721   745
               769   793   817   841   865   889   913   937
               961   985  1009  1033  1057  1081  1105  1129
              1153  1177  1201  1225  1249  1273  1297  1321
              1345  1369  1393  1417
iipe( 14) =     24    24    24    24    24    24     6    15
                24    24    24    24    24    24    24    24
                24    24    24    24    24    24    24    24
                24    24    24    24    24    24    24    24
                24    24    24    24    24    24    24    24
                24    24    24    24    24    24    24    24
                24    24    24    24    24    24    24    24
                24    24    24    24
ispt( 15) =      1    25    49    73    97   121   145   190
               193   217   241   265   289   313   337   361
               385   409   433   457   481   505   529   553
               577   601   625   649   673   697   721   745
               769   793   817   841   865   889   913   937
               961   985  1009  1033  1057  1081  1105  1129
              1153  1177  1201  1225  1249  1273  1297  1321
              1345  1369  1393  1417
iipe( 15) =     24    24    24    24    24    24    10     3
                24    24    24    24    24    24    24    24
                24    24    24    24    24    24    24    24
                24    24    24    24    24    24    24    24
                24    24    24    24    24    24    24    24
                24    24    24    24    24    24    24    24
                24    24    24    24    24    24    24    24
                24    24    24    24
ispt( 16) =      1    25    49    73    97   121   145     0
                 0   226   241   265   289   313   337   361
               385   409   433   457   481   505   529   553
               577   601   625   649   673   697   721   745
               769   793   817   841   865   889   919   937
               961   985     0  1045  1057  1081  1105  1129
              1153  1177  1201  1225  1249  1273  1297  1321
              1345  1369  1393  1417
iipe( 16) =     24    24    24    24    24    24    13     0
                 0    15    24    24    24    24    24    24
                24    24    24    24    24    24    24    24
                24    24    24    24    24    24    24    24
                24    24    24    24    24    16    18    24
                24     9     0    12    24    24    24    24
                24    24    24    24    24    24    24    24
                24    24    24    24
ispt( 17) =      1    25    49    73    97   121   145     0
                 0     0   245   265   289   313   337   361
               385   409   433   457   481     0     0   570
               577   601   625   649   673   697   721   745
               769   793   817   841   865   889   913     0
                 0     0     0  1033  1057  1081  1105  1129
              1153  1177  1201  1225  1249  1273  1297  1321
              1345  1369  1393  1417
iipe( 17) =     24    24    24    24    24    24    17     0
                 0     0    20    24    24    24    24    24
                24    24    24    24    24     0     0     7
                24    24    24    24    24    24    24    24
                24    24    24    24    24    24     3     0
                 0     0     0    24    24    24    24    24
                24    24    24    24    24    24    24    24
                24    24    24    24
ispt( 18) =      1    25    49    73    97   121   145     0
                 0     0     0   276   289   313   337   361
               385   409   433   457   481     0     0     0
               577   601   625   649   673   697   721   745
               769   793   817   841   865   889   913   937
               961   985  1009  1033  1057  1081  1105  1129
              1153  1177  1201  1225  1249  1273  1297  1321
              1345  1369  1393  1417
iipe( 18) =     24    24    24    24    24    24    17     0
                 0     0     0    13    24    24    24    24
                24    24    24    24    17     0     0     0
                24    24    24    24    24    24    24    24
                24    24    24    24    24    24    24    24
                24    24    24    24    24    24    24    24
                24    24    24    24    24    24    24    24
                24    24    24    24
ispt( 19) =      1    25    49    73    97   121     0     0
                 0     0     0   284   289   313   337   361
               385   409   433   457   481     0     0     0
               597   601   625   649   673   697   721   745
               769   793   817   841   865   889   913   937
               961   985  1009  1033  1057  1081  1105  1129
              1153  1177  1201  1225  1249  1273  1297  1321
              1345  1369  1393  1417
iipe( 19) =     24    24    24    24    24    19     0     0
                 0     0     0     5    24    24    24    24
                24    24    24    24    16     0     0     0
                 4    24    24    24    24    24    24    24
                24    24    24    24    24    24    24    24
                24    24    24    24    24    24    24    24
                24    24    24    24    24    24    24    24
                24    24    24    24
ispt( 20) =      1    25    49    73    97   121     0     0
                 0     0   241   265   289   313   337   361
               385   409   433   457   481     0     0     0
               595   601   625   649   673   697   721   745
               769   793   817   841   865   889   913   937
               961   985  1009  1033  1057  1081  1105  1129
              1153  1177  1201  1225  1249  1273  1297  1321
              1345  1369  1393  1417
iipe( 20) =     24    24    24    24    24     5     0     0
                 0     0    24    24    24    24    24    24
                24    24    24    24    14     0     0     0
                 6    24    24    24    24    24    24    24
                24    24    24    24    24    24    24    24
                24    24    24    24    24    24    24    24
                24    24    24    24    24    24    24    24
                24    24    24    24
ispt( 21) =      1    25    49    73    97   121     0     0
               207   217   241   265   289   313   337   361
               385   409   433   457     0     0     0     0
                 0   607   625   649   673   697   721   745
               769   793   817   841   865   889   913   937
               961   985  1009  1033  1057  1081  1105  1129
              1153  1177  1201  1225  1249  1273  1297  1321
              1345  1369  1393  1417
iipe( 21) =     24    24    24    24    24    12     0     0
                10    24    24    24    24    24    24    24
                24    24    24    24     0     0     0     0
                 0    18    24    24    24    24    24    24
                24    24    24    24    24    24    24    24
                24    24    24    24    24    24    24    24
                24    24    24    24    24    24    24    24
                24    24    24    24
ispt( 22) =      1    25    49    73    97   121   145   169
               193   217   241   265   289   313   337   361
               385     0   441   457     0     0     0     0
                 0   608   625   649   673   697   721   745
               769   793   817   841   865   889   913   937
               961   985  1009  1033  1057  1081  1105  1129
              1153  1177  1201  1225  1249  1273  1297  1321
              1345  1369  1393  1417
iipe( 22) =     24    24    24    24    24    24    24    24
                24    24    24    24    24    24    24    24
                17     0    16     5     0     0     0     0
                 0    17    24    24    24    24    24    24
                24    24    24    24    24    24    24    24
                24    24    24    24    24    24    24    24
                24    24    24    24    24    24    24    24
                24    24    24    24
ispt( 23) =      1    25    49    73    97   121   145   169
               193   217   241   265   289   313   337   361
                 0     0     0     0     0     0     0     0
               589   601   625   649   673   697   721   760
               769   793   817   841   865   889   913   937
               961   985  1009  1033  1057  1081  1105  1129
              1153  1177  1201  1225  1249  1273  1297  1321
              1345  1369  1393  1417
iipe( 23) =     24    24    24    24    24    24    24    24
                24    24    24    24    24    24    24    17
                 0     0     0     0     0     0     0     0
                12    24    24    24    24    24    21     9
                24    24    24    24    24    24    24    24
                24    24    24    24    24    24    24    24
                24    24    24    24    24    24    24    24
                24    24    24    24
ispt( 24) =      1     0    49    73    97   121   145   169
               193   217   241   265   289   313   337   361
               385     0     0     0     0     0     0   574
               577   601   640   649   673   697   721     0
               780   793     0   862   865   889   913   937
               961   985  1009  1033  1057  1081  1105  1129
              1153  1177  1201  1225  1249  1273  1297  1321
              1345  1369  1393  1417
iipe( 24) =     24     0    24    24    24    24    24    24
                24    24    24    24    24    24    24    24
                 3     0     0     0     0     0     0     3
                24     5     9    24    24    24    12     0
                13    24     0     3    24    24    24    24
                24    24    24    24    24    24    24    24
                24    24    24    24    24    24    24    24
                24    24    24    24
ispt( 25) =      1     0    49    73    97   121   145   169
               193   217   241   265   289   313   337   361
               385     0     0     0   487   505   529   553
               577     0   633   649     0     0     0     0
                 0     0     0     0     0     0   919   937
               961   985  1009  1033  1057  1081  1105  1129
              1153  1177  1201  1225  1249  1273  1297  1321
              1345  1369  1393  1417
iipe( 25) =      4     0    24    24    24    24    24    24
                24    24    24    24    24    24    24    24
                24     0     0     0    18    24    24    24
                11     0    16    24     0     0     0     0
                 0     0     0     0     0     0    18    24
                24    24    24    24    24    24    24    24
                24    24    24    24    24    24    24    24
                24    24    24    24
ispt( 26) =      0     0     0     0   116   121   145   169
               193   217   241   265   289   313   337   361
               385   409   433   457   481   505   529   553
               577     0     0     0     0     0     0     0
                 0     0     0     0     0   910   913   937
               961   985  1009  1033  1057  1081  1105  1129
              1153  1177  1201  1225  1249  1273  1297  1321
              1345  1369  1393     0
iipe( 26) =      0     0     0     0     5    24    24    24
                24    24    24    24    24    24    24    24
                24    24    24    24    24    24    24    24
                 9     0     0     0     0     0     0     0
                 0     0     0     0     0     3    24    24
                24    24    24    24    24    24    24    24
                24    24    24    24    24    24    24    24
                24    24    24     0
ispt( 27) =      0     0     0     0     0   134   145   169
               193   217   241   265   289   313   337   361
               385   409   433   457   481   505   529   553
               577   601     0     0     0     0     0     0
                 0     0     0     0     0   910   913   937
               961   985  1009  1033  1057  1081  1105  1129
              1153  1177  1201  1225  1249  1273  1297  1321
              1345  1369     0     0
iipe( 27) =      0     0     0     0     0    11    24    24
                24    24    24    24    24    24    24    24
                24    24    24    24    24    24    24    24
                24     8     0     0     0     0     0     0
                 0     0     0     0     0     3    24    24
                24    24    24    24    24    24    24    24
                24    24    24    24    24    24    24    24
                24    24     0     0
ispt( 28) =      0     0     0     0     0     0   157   169
               193   217   241   265   289   313   337   361
               385   409   433   457   481   505   550   553
               577   601     0     0     0     0     0     0
                 0     0     0     0     0     0     0     0
               966   985  1009  1033  1057  1081  1105  1129
              1153  1177  1201  1225  1249  1273  1297  1321
              1345  1369     0     0
iipe( 28) =      0     0     0     0     0     0    12    24
                24    24    24    24    24    24    24    24
                24    24    24    24    24     6     3    24
                24     5     0     0     0     0     0     0
                 0     0     0     0     0     0     0     0
                19    24    24    24    24    24    24    24
                24    24    24    24    24    24    24    24
                24    21     0     0
ispt( 29) =      0     0     0     0   118   121   162   169
               193   217   241   265   289   313   337   361
               385   409   433   457     0     0     0     0
                 0     0     0     0     0     0     0     0
                 0     0     0     0     0     0     0     0
                 0   998  1009  1033  1057  1081  1105  1129
              1153  1177  1201  1225  1249  1273  1297  1321
              1345  1369     0     0
iipe( 29) =      0     0     0     0     3     6     7    24
                24    24    24    24    24    24    24    24
                24    24    24     5     0     0     0     0
                 0     0     0     0     0     0     0     0
                 0     0     0     0     0     0     0     0
                 0    11    24    24    24    24    24    24
                24    24    24    24    24    24    24    24
                24    24     0     0
ispt( 30) =      0     0     0     0   112   121     0     0
               200   217   241   265   289   313   337   361
               385   409   433   457   481   505     0     0
                 0     0     0     0     0     0     0     0
                 0     0     0     0     0     0     0     0
               982   985  1009  1033  1057  1081  1105  1129
              1153  1177  1201  1225  1249  1273  1297  1321
              1345  1369     0     0
iipe( 30) =      0     0     0     0     9    12     0     0
                17    24    24    24    24    24    24    24
                24    24    24    24    24    19     0     0
                 0     0     0     0     0     0     0     0
                 0     0     0     0     0     0     0     0
                 3    24    24    24    24    24    24    24
                24    24    24    24    24    24    24    24
                24     3     0     0
ispt( 31) =      0     0     0    73    97   121     0   172
               193   217   241   265   289   313   337   361
               385   409   433   457   481   505   529     0
                 0     0     0     0     0     0     0     0
                 0     0     0     0     0     0     0     0
                 0   993  1009  1033  1057  1081  1105  1129
              1153  1177  1201  1225  1249  1273  1297  1321
              1345     0     0     0
iipe( 31) =      0     0     0    24    24    18     0    21
                24    24    24    24    24    24    24    24
                24    24    24    24    24    24     7     0
                 0     0     0     0     0     0     0     0
                 0     0     0     0     0     0     0     0
                 0    16    24    24    24    24    24    24
                24    24    24    24    24    24    24    24
                14     0     0     0
ispt( 32) =      0     0    66    73    97   121   165   169
               193   217   241   265   289   313   337   361
               385   409   433   457   501   505   529   553
                 0     0     0     0     0     0     0     0
                 0     0     0     0     0     0     0     0
                 0     0     0     0  1060  1081  1105  1129
              1153  1177  1201  1225  1249  1273  1297  1321
                 0     0     0     0
iipe( 32) =      0     0     7    24    24    18     4    24
                24    24    24    24    24    24    24    24
                24    24    24     8     4    24    24     3
                 0     0     0     0     0     0     0     0
                 0     0     0     0     0     0     0     0
                 0     0     0     0    21    24    24    24
                24    24    24    24    24    24    24    24
                 0     0     0     0
ispt( 33) =      0     0    65    73    97   121   145   169
               193   217   241   281   289   313   337   361
               385   409   433   457   501   505     0     0
                 0     0     0     0     0     0     0     0
                 0     0     0     0     0     0     0     0
                 0     0     0     0     0     0     0  1144
              1153  1177  1201  1225  1265  1273     0     0
                 0     0     0     0
iipe( 33) =      0     0     8    24    24    24    24    24
                24    24     7     8    24    24    24    24
                24    24    24    21     4    18     0     0
                 0     0     0     0     0     0     0     0
                 0     0     0     0     0     0     0     0
                 0     0     0     0     0     0     0     9
                24    24    24     3     8    24     0     0
                 0     0     0     0
ispt( 34) =      0     0    67    73    97   121   145   169
               193   217   241     0   310   313   337   361
               385   409   433   457   481   510     0   558
                 0     0     0     0     0     0     0     0
                 0     0     0     0     0     0     0     0
                 0     0     0     0  1078  1081  1105  1129
              1153  1177  1201     0     0     0     0     0
                 0     0     0     0
iipe( 34) =      0     0     6    24    24    24    24    24
                24    24    17     0     3    24    24    24
                24    24    24    24     3    16     0    19
                 0     0     0     0     0     0     0     0
                 0     0     0     0     0     0     0     0
                 0     0     0     0     3    24    24    24
                24    24    24     0     0     0     0     0
                 0     0     0     0
ispt( 35) =      0     0     0    73    97   121   145   169
               193   217   241     0     0     0   337   361
               385   409   433   457   481     0   544   553
               577     0     0     0     0     0     0     0
                 0     0     0     0     0     0     0     0
                 0   985  1009  1033  1057  1081  1105  1129
              1153  1177  1201     0     0     0     0     0
                 0     0     0     0
iipe( 35) =      0     0     0    24    24    24    24    24
                24    24    24     0     0     0    24    24
                24    24    24    24    14     0     9    24
                 5     0     0     0     0     0     0     0
                 0     0     0     0     0     0     0     0
                 0    24    24    24    24    24    24    24
                24    24     6     0     0     0     0     0
                 0     0     0     0
ispt( 36) =      0     0     0    92    97   121   145   169
               199   217   241     0     0     0   345   361
               385   409   433   457   481   505   529   553
               577     0     0     0     0     0     0     0
                 0     0     0     0     0     0     0     0
               967   985  1009  1033  1057  1081  1105  1129
              1153  1177  1201  1225  1249     0     0     0
                 0     0     0     0
iipe( 36) =      0     0     0     5    24    24    24    14
                18    24    24     0     0     0    16    24
                24    24    24    24    24    24    24    24
                15     0     0     0     0     0     0     0
                 0     0     0     0     0     0     0     0
                18    24    24    24    24    24    24    24
                24    24    24    24     7     0     0     0
                 0     0     0     0
ispt( 37) =      0     0     0     0   110   124   145   169
               199   217   241     0     0     0   357   361
               385   409   433   457   481   505   529   553
               577     0     0     0     0     0     0     0
                 0     0     0     0     0     0   934   937
               961   985  1009  1033  1057  1081  1105  1129
              1153  1177  1201  1225  1249  1273     0     0
                 0     0     0     0
iipe( 37) =      0     0     0     0     5    21    24    11
                18    24    24     0     0     0     4    24
                24    24    24    24    24    24    24    24
                20     0     0     0     0     0     0     0
                 0     0     0     0     0     0     3    24
                24    24    24    24    24    24    24    24
                24    24    24    24    24    19     0     0
                 0     0     0     0
ispt( 38) =      0     0     0     0     0   128   145   169
               193   217   241     0     0     0   357   361
               385   409   433   457   481   505   529   553
               577   601     0     0     0     0     0     0
                 0     0     0     0     0     0   932   937
               961   985  1009  1033  1057  1081  1105  1129
              1153  1177  1201  1225  1249  1273  1297     0
                 0     0     0     0
iipe( 38) =      0     0     0     0     0    17    24    24
                24    24    24     0     0     0     4    24
                24    24    24    24    24    24    24    24
                24     3     0     0     0     0     0     0
                 0     0     0     0     0     0     5    24
                24    24    24    24    24    24    24    24
                24    24    24    24    24    24     4     0
                 0     0     0     0
ispt( 39) =      0     0     0     0   100   121   145   169
               193   217   241   265   289   313   342   361
               385   409   433   457   481   505   529   553
               577   601     0     0     0     0     0     0
                 0     0     0     0     0     0   934   937
               961   985  1009  1033  1057  1081  1105  1129
              1153  1177  1201  1225  1249  1273  1297     0
                 0     0     0     0
iipe( 39) =      0     0     0     0    21    24    24    24
                24    24    24    24    24    11    19    24
                24    24    24    24    24    24    24    24
                24     8     0     0     0     0     0     0
                 0     0     0     0     0     0     3    24
                24    24    24    24    24    24    24    24
                24    24    24    24    24    24    21     0
                 0     0     0     0
ispt( 40) =      0     0     0    94    97   121   145   169
               193   217   241   265   289   313   337   361
               385   409   433   457   481   505   529   553
               577   601     0     0     0     0     0     0
                 0   811   817   856   865   892   913   937
               961   985  1009  1033  1057  1081  1105  1129
              1153  1177  1201  1225  1249  1273  1297  1321
                 0     0     0     0
iipe( 40) =      0     0     0     3    24    24    24    24
                24    24    24    24    24    24    24    24
                24    24    24    24    24    24    24    24
                24    15     0     0     0     0     0     0
                 0     6    11     9    12    21    24    24
                24    24    24    24    24    24    24    24
                24    24    24    24    24    24    24    11
                 0     0     0     0
ispt( 41) =      0     0     0    94    97   121   145   169
               193   217   241   265   289   313   337   361
               385   409   433   457   481   505   529   553
               577   601     0     0     0     0     0     0
                 0   793   817   845   865   889   913   937
               961   985  1009  1033  1057  1081  1105  1129
              1153  1177  1201  1225  1249  1273  1297  1321
              1345     0     0     0
iipe( 41) =      0     0     0     3    24    24    24    24
                24    24    24    24    24    24    24    24
                24    24    24    24    24    24    24    24
                24    16     0     0     0     0     0     0
                 0    24    16    20    24    24    24    24
                24    24    24    24    24    24    24    24
                24    24    24    24    24    24    24    24
                 9     0     0     0
ispt( 42) =      0     0     0    73    97   121   145   169
               193   217   241   265   289   313   337   361
               385   409   433   457   481   505   529   553
               577   601   625   649     0     0     0     0
               769   793   817   841   865   889   913   937
               961   985  1009  1033  1057  1081  1105  1129
              1153  1177  1201  1225  1249  1273  1297  1321
              1345     0     0     0
iipe( 42) =      0     0     0    24    24    24    24    24
                24    24    24    24    24    24    24    24
                24    24    24    24    24    24    24    24
                24    24    24    24     0     0     0     0
                24    24    24    24    24    24    24    24
                24    24    24    24    24    24    24    24
                24    24    24    24    24    24    24    24
                24     0     0     0
 
jspt(  1) =      1    28    55    82   109   136   163   190
               217   244   271   298   326   354   382   410
               438   466   494   522   550   578   606   634
               662   690   718   746   774   802   830   857
               884   911   938   965   992  1019  1046  1073
              1100  1127
jjpe(  1) =     27    27    27    27    27    27    27    27
                27    27    27    28    28    28    28    28
                28    28    28    28    28    28    28    28
                28    28    28    28    28    28    27    27
                27    27    27    27    27    27    27    27
                27    27
