  npes   npe   mpe   idm   jdm  ibig  jbig  nreg  minsea  maxsea  avesea
    29     8     4   180   193    46    49     2      38    1128     807

ispt(  1) =      1    35    68    91   133   159     0     0
iipe(  1) =     34    33    23    42    26    22     0     0
ispt(  2) =      1    23    45    68    91   114   137   159
iipe(  2) =     22    22    23    23    23    23    22    22
ispt(  3) =      1    23    45    91   114   137   159     0
iipe(  3) =     22    22    46    23    23    22    22     0
ispt(  4) =      1    23    45    68    91   114   137   159
iipe(  4) =     22    22    23    23    23    23    22    22
 
jspt(  1) =      1    49    98   146
jjpe(  1) =     48    49    48    48
