  npes   npe   mpe   idm   jdm  ibig  jbig  nreg  minsea  maxsea  avesea
    47     6     8   180   193    30    25     2      25     750     498

ispt(  1) =      1    31    61    91   121   151
iipe(  1) =     30    30    30    30    30    30
ispt(  2) =      1    31    61    91   121   151
iipe(  2) =     30    30    30    30    30    30
ispt(  3) =      1    31    61    91   121   151
iipe(  3) =     30    30    30    30    30    30
ispt(  4) =      1    31    61    91   121   151
iipe(  4) =     30    30    30    30    30    30
ispt(  5) =      1    31    61    91   121   151
iipe(  5) =     30    30    30    30    30    30
ispt(  6) =      1    31    61    91   121   151
iipe(  6) =     30    30    30    30    30    30
ispt(  7) =      8    31    61     0   121   151
iipe(  7) =     23    30    15     0    30    24
ispt(  8) =      1    31    61    91   121   151
iipe(  8) =     30    30    30    30    30    30
 
jspt(  1) =      1    25    49    73    98   122   146   170
jjpe(  1) =     24    24    24    25    24    24    24    24
