  npes   npe   mpe   idm   jdm  ibig  jbig  nreg  minsea  maxsea  avesea
   127    10    14   180   193    18    14     2       1     252     184

ispt(  1) =      1    19    37     0     0     0     0   136
               145   163
iipe(  1) =     18    18    11     0     0     0     0     9
                18    18
ispt(  2) =      1    19    37    55    73    91   109   127
               145   163
iipe(  2) =     18    18    18    18    18    18    18    18
                18    18
ispt(  3) =      1    19    37    55    73    91   109   127
               145   163
iipe(  3) =     18    18    18    18    18    18    18    18
                18    18
ispt(  4) =      1    19    37    55    73    91   109   127
               145   163
iipe(  4) =     18    18    18    18    18    18    18    18
                18    18
ispt(  5) =      1    19    37    55    73    91   109   127
               145   163
iipe(  5) =     18    18    18    18    18    18    18    18
                18    18
ispt(  6) =      1    19    37    55    73    91   109   127
               145   163
iipe(  6) =     18    18    18    18    18    18    18    18
                18    18
ispt(  7) =      1    19    37    55    73    91   109   127
               145   163
iipe(  7) =     18    18    18    18    18    18    18    18
                18    18
ispt(  8) =      1    19    37    55    77    91   109   127
               145   163
iipe(  8) =     18    18    18     7    14    18    18    18
                18    18
ispt(  9) =      1    19    37     0    73    91   109   127
               145   163
iipe(  9) =     18    18    14     0    18    18    18    18
                18    18
ispt( 10) =      1    19    37    55    73    91   109   127
               145   163
iipe( 10) =     18    18    18    18    18    18    18    18
                18    18
ispt( 11) =      0    10    24    42    60     0   114   127
               145   163
iipe( 11) =      0    14    18    18    18     0    13    18
                18    13
ispt( 12) =      0     8    20    38    56     0   123   141
               159     0
iipe( 12) =      0    12    18    18    18     0    18    18
                13     0
ispt( 13) =      0     9    24    42    60     0   117   135
               153     0
iipe( 13) =      0    15    18    18    18     0    18    18
                13     0
ispt( 14) =      1    19    37    55    73    91   109   127
               145   163
iipe( 14) =     18    18    18    18    18    18    18    18
                18    18
 
jspt(  1) =      1    14    28    42    56    70    84    98
               112   126   140   154   168   181
jjpe(  1) =     13    14    14    14    14    14    14    14
                14    14    14    14    13    13
