  npes   npe   mpe   idm   jdm  ibig  jbig  nreg  minsea  maxsea  avesea
   155    10    20   180   193    36    10     2       0     180     151

ispt(  1) =      0    26     0     0     0     0     0   136
                 0     0
iipe(  1) =      0    18     0     0     0     0     0    32
                 0     0
ispt(  2) =      1    37    73     0   136   156     0     0
                 0     0
iipe(  2) =     36    36    22     0    20    25     0     0
                 0     0
ispt(  3) =      1    19    37    55    73   109   145   163
                 0     0
iipe(  3) =     18    18    18    18    36    36    18    18
                 0     0
ispt(  4) =      1    19    37    55    73    91   109   127
               145   163
iipe(  4) =     18    18    18    18    18    18    18    18
                18    18
ispt(  5) =      1    19    37    55    73    91   109   127
               145   163
iipe(  5) =     18    18    18    18    18    18    18    18
                18    18
ispt(  6) =      1    19    37    55    73    91   109   127
               145   163
iipe(  6) =     18    18    18    18    18    18    18    18
                18    18
ispt(  7) =      1    19    48    73    91   109   127   145
               163     0
iipe(  7) =     18    29    25    18    18    18    18    18
                18     0
ispt(  8) =      1    37    55    73    91   109   127   145
               163     0
iipe(  8) =     36    18    18    18    18    18    18    18
                18     0
ispt(  9) =      1    37    55    73    91   109   127   145
               163     0
iipe(  9) =     36    18    18    18    18    18    18    18
                18     0
ispt( 10) =      1    19    47    73    91   109   127   145
               163     0
iipe( 10) =     18    28    26    18    18    18    18    18
                18     0
ispt( 11) =      1    19    37    55    91   109   127   145
               163     0
iipe( 11) =     18    18    18    36    18    18    18    18
                18     0
ispt( 12) =      1    19    37    76    91   109   127   145
               163     0
iipe( 12) =     18    18    23    15    18    18    18    18
                18     0
ispt( 13) =      1    19    37     0    73    91   109   127
               145   163
iipe( 13) =     18    18    13     0    18    18    18    18
                18    18
ispt( 14) =      1    19    37    55    91   127   145   163
                 0     0
iipe( 14) =     18    18    18    36    36    18    18    18
                 0     0
ispt( 15) =      0    15    39    60     0   114   127   145
               163     0
iipe( 15) =      0    24    21    18     0    13    18    18
                15     0
ispt( 16) =      8    37    55     0     0   124   142   160
                 0     0
iipe( 16) =     29    18    13     0     0    18    18    15
                 0     0
ispt( 17) =      0     8    30    56     0   124   160     0
                 0     0
iipe( 17) =      0    22    26    18     0    36     9     0
                 0     0
ispt( 18) =      0     9    40    58     0   119   140     0
                 0     0
iipe( 18) =      0    31    18    18     0    21    23     0
                 0     0
ispt( 19) =      0    12    42    60     0   109   127   145
                 0     0
iipe( 19) =      0    30    18    18     0    18    18    23
                 0     0
ispt( 20) =      1    19    37    55    73    91   109   127
               145   163
iipe( 20) =     18    18    18    18    18    18    18    18
                18    18
 
jspt(  1) =      1    10    19    28    38    48    58    68
                78    88    98   108   118   128   138   148
               158   167   176   185
jjpe(  1) =      9     9     9    10    10    10    10    10
                10    10    10    10    10    10    10    10
                 9     9     9     9
