  npes   npe   mpe   idm   jdm  ibig  jbig  nreg  minsea  maxsea  avesea
    63    12     6   180   193    30    33     2       0     495     371

ispt(  1) =      1    28    46    76   106   136   151   166
                 0     0     0     0
iipe(  1) =     27    18    30    30    30    15    15    15
                 0     0     0     0
ispt(  2) =      1    16    31    46    61    76    91   106
               121   136   151   166
iipe(  2) =     15    15    15    15    15    15    15    15
                15    15    15    15
ispt(  3) =      1    16    46    61    76    91   106   121
               136   151   166     0
iipe(  3) =     15    30    15    15    15    15    15    15
                15    15    15     0
ispt(  4) =      1    16    31    46    76    91   106   121
               136   151   166     0
iipe(  4) =     15    15    15    30    15    15    15    15
                15    15    15     0
ispt(  5) =      1    31    46    61    91   121   136   151
               166     0     0     0
iipe(  5) =     30    15    15    30    30    15    15    15
                15     0     0     0
ispt(  6) =      1    16    31    46    61    76    91   106
               121   136   151   166
iipe(  6) =     15    15    15    15    15    15    15    15
                15    15    15    15
 
jspt(  1) =      1    33    65    98   130   162
jjpe(  1) =     32    32    33    32    32    32
