  npes   npe   mpe   idm   jdm  ibig  jbig  nreg  minsea  maxsea  avesea
    31     6     6   180   193    60    33     2     119     996     755

ispt(  1) =      1    31    91   151     0     0
iipe(  1) =     30    60    60    30     0     0
ispt(  2) =      1    31    61    91   121   151
iipe(  2) =     30    30    30    30    30    30
ispt(  3) =      1    49    91   121   151     0
iipe(  3) =     48    42    30    30    30     0
ispt(  4) =      1    36    91   121   151     0
iipe(  4) =     35    55    30    30    30     0
ispt(  5) =      1    31    61   121   151     0
iipe(  5) =     30    30    60    30    30     0
ispt(  6) =      1    31    61    91   121   151
iipe(  6) =     30    30    30    30    30    30
 
jspt(  1) =      1    33    65    98   130   162
jjpe(  1) =     32    32    33    32    32    32
