  npes   npe   mpe   idm   jdm  ibig  jbig  nreg  minsea  maxsea  avesea
    89     8    12   240   257    30    22     2       0     660     460

ispt(  1) =      1    31    61     0   121     0   181   211
iipe(  1) =     30    30     6     0     3     0    30    30
ispt(  2) =      1    31    61    91   121   151   181   211
iipe(  2) =     30    30    30    30    30    30    30    30
ispt(  3) =      1    31    61    91   121   151   181   211
iipe(  3) =     30    30    30    30    30    30    30    30
ispt(  4) =      1    31    61    91   121   151   181   211
iipe(  4) =     30    30    30    30    30    30    30    30
ispt(  5) =      1    47    61    97   121   151   181   211
iipe(  5) =     27    14    24    24    30    30    30    30
ispt(  6) =      1    40    61    99   121   151   181   211
iipe(  6) =     22    21    23    22    30    30    30    30
ispt(  7) =      1    31    61   102   121   151   181   211
iipe(  7) =     30    30    21    19    30    30    30    30
ispt(  8) =      1    31    61    96   121   151   181   211
iipe(  8) =     30    30     6    25    30    30    30    30
ispt(  9) =      1    31    61    91   121   151   181   211
iipe(  9) =     30    30    30    30    30    30    30    30
ispt( 10) =      0    11    36    66     0   165   181   211
iipe( 10) =      0    25    30    30     0    16    30    22
ispt( 11) =      0    11    41    71     0   158   188     0
iipe( 11) =      0    30    30    30     0    30    30     0
ispt( 12) =      1    31    61    91   121   151   181   211
iipe( 12) =     30    30    30    30    30    30    30    30
 
jspt(  1) =      1    22    43    64    86   108   130   152
               174   195   216   237
jjpe(  1) =     21    21    21    22    22    22    22    22
                21    21    21    21
