  npes   npe   mpe   idm   jdm  ibig  jbig  nreg  minsea  maxsea  avesea
    76     8    10   240   257    30    26     2       1     780     538

ispt(  1) =      1    31    61    91   121     0   181   211
iipe(  1) =     30    30    30    30     4     0    30    30
ispt(  2) =      1    31    61    91   121   151   181   211
iipe(  2) =     30    30    30    30    30    30    30    30
ispt(  3) =      1    31    61    91   121   151   181   211
iipe(  3) =     30    30    30    30    30    30    30    30
ispt(  4) =      1    31    61    95   121   151   181   211
iipe(  4) =     30    30    25    26    30    30    30    30
ispt(  5) =      1    40    61    99   121   151   181   211
iipe(  5) =     22    21    23    22    30    30    30    30
ispt(  6) =      1    31    61   102   121   151   181   211
iipe(  6) =     30    30    21    19    30    30    30    30
ispt(  7) =      1    31    61    91   121   151   181   211
iipe(  7) =     30    30    30    30    30    30    30    30
ispt(  8) =     12    31    61    91     0   151   181   211
iipe(  8) =     19    30    30    12     0    30    30    27
ispt(  9) =      0    11    41    71     0   158   181   211
iipe(  9) =      0    30    30    30     0    23    30    15
ispt( 10) =      1    31    61    91   121   151   181   211
iipe( 10) =     30    30    30    30    30    30    30    30
 
jspt(  1) =      1    26    52    78   104   130   156   182
               208   233
jjpe(  1) =     25    26    26    26    26    26    26    26
                25    25
