  npes   npe   mpe   idm   jdm  ibig  jbig  nreg  minsea  maxsea  avesea
    93    12     8   240   257    20    33     2       0     660     440

ispt(  1) =      1    21    41    61    81   101   121   141
               161   181   201   221
iipe(  1) =     20    20    20    20    20    20    20    20
                20    20    20    20
ispt(  2) =      1    21    41    61    81   101   121   141
               161   181   201   221
iipe(  2) =     20    20    20    20    20    20    20    20
                20    20    20    20
ispt(  3) =      1    21    41    61    81   101   121   141
               161   181   201   221
iipe(  3) =     20    20    20    20    20    20    20    20
                20    20    20    20
ispt(  4) =      1    21    41    61    81   101   121   141
               161   181   201   221
iipe(  4) =     20    20    20    20    20    20    20    20
                20    20    20    20
ispt(  5) =      1    21    41    61    81   101   121   141
               161   181   201   221
iipe(  5) =     20    20    20    20    20    20    20    20
                20    20    20    20
ispt(  6) =      1    21    41    61    81   101   121   141
               161   181   201   221
iipe(  6) =     20    20    20    20    20    20    20    20
                20    20    20    20
ispt(  7) =     11    21    41    61    81     0     0     0
               164   181   201   221
iipe(  7) =     10    20    20    20    20     0     0     0
                17    20    20    12
ispt(  8) =      1    21    41    61    81   101   121   141
               161   181   201   221
iipe(  8) =     20    20    20    20    20    20    20    20
                20    20    20    20
 
jspt(  1) =      1    33    65    97   130   162   194   226
jjpe(  1) =     32    32    32    33    32    32    32    32
