  npes   npe   mpe   idm   jdm  ibig  jbig  nreg  minsea  maxsea  avesea
    32     8     4   240   257    30    65     2      91    1950    1279

ispt(  1) =      1    31    61    91   121   151   181   211
iipe(  1) =     30    30    30    30    30    30    30    30
ispt(  2) =      1    31    61    91   121   151   181   211
iipe(  2) =     30    30    30    30    30    30    30    30
ispt(  3) =      1    31    61    91   121   151   181   211
iipe(  3) =     30    30    30    30    30    30    30    30
ispt(  4) =      1    31    61    91   121   151   181   211
iipe(  4) =     30    30    30    30    30    30    30    30
 
jspt(  1) =      1    65   130   194
jjpe(  1) =     64    65    64    64
