  npes   npe   mpe   idm   jdm  ibig  jbig  nreg  minsea  maxsea  avesea
    94    10    10   240   257    24    26     2       1     624     435

ispt(  1) =      1    25    49    73    97   121     0   181
               193   217
iipe(  1) =     24    24    24    24    24     4     0    12
                24    24
ispt(  2) =      1    25    49    73    97   121   145   169
               193   217
iipe(  2) =     24    24    24    24    24    24    24    24
                24    24
ispt(  3) =      1    25    49    73    97   121   145   169
               193   217
iipe(  3) =     24    24    24    24    24    24    24    24
                24    24
ispt(  4) =      1    25    49    73    97   121   145   169
               193   217
iipe(  4) =     24    24    24    24    24    24    24    24
                24    24
ispt(  5) =      1    25    49    73    97   121   145   169
               193   217
iipe(  5) =     24    24    24    24    24    24    24    24
                24    24
ispt(  6) =      1    25    49    73   102   121   145   169
               193   217
iipe(  6) =     24    24    24     9    19    24    24    24
                24    24
ispt(  7) =      1    25    49    73    97   121   145   169
               193   217
iipe(  7) =     24    24    24    24    24    24    24    24
                24    24
ispt(  8) =      0    12    31    55    79     0   152   169
               193   217
iipe(  8) =      0    19    24    24    24     0    17    24
                24    21
ispt(  9) =      0    11    29    53    77     0   158   182
               206     0
iipe(  9) =      0    18    24    24    24     0    24    24
                20     0
ispt( 10) =      1    25    49    73    97   121   145   169
               193   217
iipe( 10) =     24    24    24    24    24    24    24    24
                24    24
 
jspt(  1) =      1    26    52    78   104   130   156   182
               208   233
jjpe(  1) =     25    26    26    26    26    26    26    26
                25    25
