  npes   npe   mpe   idm   jdm  ibig  jbig  nreg  minsea  maxsea  avesea
   406    20    24   180   193     9     9     2       0      81      57

ispt(  1) =      0     0    27    36     0     0     0     0
                 0     0     0     0     0     0     0   136
               145   154   163     0
iipe(  1) =      0     0     9     9     0     0     0     0
                 0     0     0     0     0     0     0     9
                 9     9     3     0
ispt(  2) =      1    10    19    28    37    46    55     0
                 0     0     0     0     0     0     0   136
               145   154   163   172
iipe(  2) =      9     9     9     9     9     9     4     0
                 0     0     0     0     0     0     0     9
                 9     9     9     9
ispt(  3) =      1    10    19    28    37    46    55    64
                73    82    91   100   109   118   127   136
               145   154   163   172
iipe(  3) =      9     9     9     9     9     9     9     9
                 9     9     9     9     9     9     9     9
                 9     9     9     9
ispt(  4) =      1    10    19    28    37    46    55    64
                73    82    91   100   109   118   127   136
               145   154   163   172
iipe(  4) =      9     9     9     9     9     9     9     9
                 9     9     9     9     9     9     9     9
                 9     9     9     9
ispt(  5) =      1    10    19    28    37    46    55    64
                73    82    91   100   109   118   127   136
               145   154   163   172
iipe(  5) =      9     9     9     9     9     9     9     9
                 9     9     9     9     9     9     9     9
                 9     9     9     9
ispt(  6) =      1    10    19    28    37    46    55    64
                73    82    91   100   109   118   127   136
               145   154   163   172
iipe(  6) =      9     9     9     9     9     9     9     9
                 9     9     9     9     9     9     9     9
                 9     9     9     9
ispt(  7) =      1    10    19    28    37    46    55    64
                73    82    91   100   109   118   127   136
               145   154   163   172
iipe(  7) =      9     9     9     9     9     9     9     9
                 9     9     9     9     9     9     9     9
                 9     9     9     9
ispt(  8) =      1    10    19    28    37    46    55    64
                73    82    91   100   109   118   127   136
               145   154   163   172
iipe(  8) =      9     9     9     9     9     9     9     9
                 9     9     9     9     9     9     9     9
                 9     9     9     9
ispt(  9) =      1    10    19    34    37    46    55     0
                73    82    91   100   109   118   127   136
               145   154   163   172
iipe(  9) =      9     9     3     3     9     9     9     0
                 9     9     9     9     9     9     9     9
                 9     9     9     9
ispt( 10) =      1    10     0    34    37    46    55     0
                73    82    91   100   109   118   127   136
               145   154   163   172
iipe( 10) =      9     9     0     3     9     9     9     0
                 9     9     9     9     9     9     9     9
                 9     9     9     9
ispt( 11) =      1    10     0    33    37    46    55     0
                73    82    91   100   109   118   127   136
               145   154   163   172
iipe( 11) =      9     9     0     4     9     9     9     0
                 9     9     9     9     9     9     9     9
                 9     9     9     9
ispt( 12) =      1    10     0    28    37    46    55     0
                73    82    91   100   109   118   127   136
               145   154   163   172
iipe( 12) =      9     9     0     9     9     9     9     0
                 9     9     9     9     9     9     9     9
                 9     9     9     9
ispt( 13) =      1    10    19    28    37    46    55     0
                77    82    91   100   109   118   127   136
               145   154   163   172
iipe( 13) =      9     9     9     9     9     9     9     0
                 5     9     9     9     9     9     9     9
                 9     9     9     9
ispt( 14) =      1    10    19    28    37    46    55     0
                77    82    91   100   109   118   127   136
               145   154   163   172
iipe( 14) =      9     9     9     9     9     9     6     0
                 5     9     9     9     9     9     9     9
                 9     9     9     9
ispt( 15) =      1    10    19    28    37    46     0     0
                73    82    91   100   109   118   127   136
               145   154   163   172
iipe( 15) =      9     9     9     9     9     4     0     0
                 9     9     9     9     9     9     9     9
                 9     9     9     9
ispt( 16) =      1    10    19    28    37    46     0    70
                73    82    91   100   109   118   127   136
               145   154   163   172
iipe( 16) =      9     9     9     9     9     5     0     3
                 9     9     9     9     9     9     9     9
                 9     9     9     9
ispt( 17) =      1    10    19    28    37    46    55    64
                73    82    91   100   109   118   127   136
               145   154   163   172
iipe( 17) =      9     9     9     9     9     9     9     9
                 9     9     9     9     9     9     9     9
                 9     9     9     9
ispt( 18) =      0    15    24    33    42    51    60    69
                 0     0     0     0   114   118   127   136
               145   154   163   172
iipe( 18) =      0     9     9     9     9     9     9     9
                 0     0     0     0     4     9     9     9
                 9     9     9     6
ispt( 19) =      0    10    19    28    37    46    55    64
                73     0     0     0     0   124   133   142
               151   160   169     0
iipe( 19) =      0     9     9     9     9     9     9     9
                 3     0     0     0     0     9     9     9
                 9     9     6     0
ispt( 20) =      7    10    19    28    37    46    55    64
                 0     0     0     0     0   124   127   136
               145   154   163     0
iipe( 20) =      3     9     9     9     9     9     9     9
                 0     0     0     0     0     3     9     9
                 9     9     9     0
ispt( 21) =      0     8    12    21    30    39    48    57
                66     0     0     0     0   123   132   141
               150   159     0     0
iipe( 21) =      0     4     9     9     9     9     9     9
                 9     0     0     0     0     9     9     9
                 9     9     0     0
ispt( 22) =      0    10    19    28    37    46    55    64
                73     0     0     0     0   119   128   137
               146   155     0     0
iipe( 22) =      0     9     9     9     9     9     9     9
                 3     0     0     0     0     9     9     9
                 9     9     0     0
ispt( 23) =      0    10    19    28    37    46    55    64
                73     0     0     0   109   118   127   136
               145   154   163     0
iipe( 23) =      0     9     9     9     9     9     9     9
                 5     0     0     0     9     9     9     9
                 9     9     9     0
ispt( 24) =      0    10    19    28    37    46    55    64
                73     0     0   100   109   118   127   136
               145   154   163     0
iipe( 24) =      0     9     9     9     9     9     9     9
                 9     0     0     9     9     9     9     9
                 9     9     9     0
 
jspt(  1) =      1     9    17    25    33    41    49    57
                65    73    81    89    98   106   114   122
               130   138   146   154   162   170   178   186
jjpe(  1) =      8     8     8     8     8     8     8     8
                 8     8     8     9     8     8     8     8
                 8     8     8     8     8     8     8     8
