  npes   npe   mpe   idm   jdm  ibig  jbig  nreg  minsea  maxsea  avesea
   272    18    20   180   193    20    10     2       0     100      86

ispt(  1) =      0     0    26     0     0     0     0     0
                 0     0     0     0   136   151     0     0
                 0     0
iipe(  1) =      0     0    20     0     0     0     0     0
                 0     0     0     0    15    17     0     0
                 0     0
ispt(  2) =      1    21    31    41    61     0    91     0
                 0     0   136   141   151   161   171     0
                 0     0
iipe(  2) =     20    10    10    20    15     0     4     0
                 0     0     5    10    10    10    10     0
                 0     0
ispt(  3) =      1    11    21    31    41    51    61    71
                91   111   131   141   151   161   171     0
                 0     0
iipe(  3) =     10    10    10    10    10    10    10    20
                20    20    10    10    10    10    10     0
                 0     0
ispt(  4) =      1    11    21    31    41    51    61    71
                81    91   101   111   121   131   141   151
               161   171
iipe(  4) =     10    10    10    10    10    10    10    10
                10    10    10    10    10    10    10    10
                10    10
ispt(  5) =      1    11    21    31    41    51    61    71
                81    91   101   111   121   131   141   151
               161   171
iipe(  5) =     10    10    10    10    10    10    10    10
                10    10    10    10    10    10    10    10
                10    10
ispt(  6) =      1    11    21    31    41    51    61    71
                81    91   101   111   121   131   141   151
               161   171
iipe(  6) =     10    10    10    10    10    10    10    10
                10    10    10    10    10    10    10    10
                10    10
ispt(  7) =      1    11    21    41    51    61    81    91
               101   111   131   141   151   161   171     0
                 0     0
iipe(  7) =     10    10    20    10    10    20    10    10
                10    20    10    10    10    10    10     0
                 0     0
ispt(  8) =      1    11     0    35    45    55     0    75
                81    91   101   111   121   131   141   151
               161   171
iipe(  8) =     10    10     0    10    10    10     0     6
                10    10    10    10    10    10    10    10
                10    10
ispt(  9) =      1    11     0    31    41    51    61    81
                91   101   111   121   131   141   151   161
               171     0
iipe(  9) =     10     7     0    10    10    10    20    10
                10    10    10    10    10    10    10    10
                10     0
ispt( 10) =      1    11    31    41    51    61    81    91
               101   111   121   131   141   151   161   171
                 0     0
iipe( 10) =     10    20    10    10    10    20    10    10
                10    10    10    10    10    10    10    10
                 0     0
ispt( 11) =      1    11    31    41    51    77    81    91
               101   111   121   131   141   151   161   171
                 0     0
iipe( 11) =     10    20    10    10    11     4    10    10
                10    10    10    10    10    10    10    10
                 0     0
ispt( 12) =      1    11    21    31    41     0    76    81
                91   101   111   121   131   141   151   161
               171     0
iipe( 12) =     10    10    10    10    20     0     5    10
                10    10    10    10    10    10    10    10
                10     0
ispt( 13) =      1    11    21    31    41     0     0    71
                81    91   101   111   121   131   141   151
               161   171
iipe( 13) =     10    10    10    10    10     0     0    10
                10    10    10    10    10    10    10    10
                10    10
ispt( 14) =      1    11    21    31    41    51    71    91
               111   121   131   141   151   161   171     0
                 0     0
iipe( 14) =     10    10    10    10    10    20    20    20
                10    10    10    10    10    10    10     0
                 0     0
ispt( 15) =      0    15    31    41    51    61     0     0
                 0   114   131   141   151   161   171     0
                 0     0
iipe( 15) =      0    16    10    10    10    17     0     0
                 0    17    10    10    10    10     7     0
                 0     0
ispt( 16) =      0     8    28    38    48    58     0     0
                 0     0     0   124   131   141   151   161
                 0     0
iipe( 16) =      0    20    10    10    10    10     0     0
                 0     0     0     7    10    10    10    14
                 0     0
ispt( 17) =      0     8    20    34    44    54     0     0
                 0     0   124   141   161     0     0     0
                 0     0
iipe( 17) =      0    12    14    10    10    20     0     0
                 0     0    17    20    10     0     0     0
                 0     0
ispt( 18) =      0     9    26    46    56    66     0     0
                 0   119   129   139   149     0     0     0
                 0     0
iipe( 18) =      0    17    20    10    10    10     0     0
                 0    10    10    10    14     0     0     0
                 0     0
ispt( 19) =      0    11    21    31    51    61    71     0
                 0   110   130   140   150   160     0     0
                 0     0
iipe( 19) =      0    10    10    20    10    10     7     0
                 0    20    10    10    10    10     0     0
                 0     0
ispt( 20) =      0    11    21    31    41    51    61    71
                 0     0   101   111   121   131   141   151
               161     0
iipe( 20) =      0    10    10    10    10    10    10    10
                 0     0    10    10    10    10    10    10
                10     0
 
jspt(  1) =      1    10    19    28    38    48    58    68
                78    88    98   108   118   128   138   148
               158   167   176   185
jjpe(  1) =      9     9     9    10    10    10    10    10
                10    10    10    10    10    10    10    10
                 9     9     9     9
