  npes   npe   mpe   idm   jdm  ibig  jbig  nreg  minsea  maxsea  avesea
    64     8     8   180   193    23    25     2       0     552     365

ispt(  1) =      1    23    45    68    91   114   137   159
iipe(  1) =     22    22    23    23    23    23    22    22
ispt(  2) =      1    23    45    68    91   114   137   159
iipe(  2) =     22    22    23    23    23    23    22    22
ispt(  3) =      1    23    45    68    91   114   137   159
iipe(  3) =     22    22    23    23    23    23    22    22
ispt(  4) =      1    30    45    75    91   114   137   159
iipe(  4) =     18    15    19    16    23    23    22    22
ispt(  5) =      1    23    45    75    91   114   137   159
iipe(  5) =     22    22    17    16    23    23    22    22
ispt(  6) =      1    23    45    68    91   114   137   159
iipe(  6) =     22    22    23    23    23    23    22    22
ispt(  7) =      8    23    45    68   111   123   137   159
iipe(  7) =     15    22    23     8     3    14    22    16
ispt(  8) =      1    23    45    68    91   114   137   159
iipe(  8) =     22    22    23    23    23    23    22    22
 
jspt(  1) =      1    25    49    73    98   122   146   170
jjpe(  1) =     24    24    24    25    24    24    24    24
