  npes   npe   mpe   idm   jdm  ibig  jbig  nreg  minsea  maxsea  avesea
   203    12    22   180   193    30     9     2       0     136     115

ispt(  1) =      0    27     0     0     0     0     0     0
               136     0     0     0
iipe(  1) =      0    16     0     0     0     0     0     0
                30     0     0     0
ispt(  2) =      1    31     0     0     0     0     0   136
               154     0     0     0
iipe(  2) =     30    30     0     0     0     0     0    18
                27     0     0     0
ispt(  3) =      1    16    31    46    61    91   121   136
               151   166     0     0
iipe(  3) =     15    15    15    15    30    30    15    15
                15    15     0     0
ispt(  4) =      1    16    31    46    61    76    91   106
               121   136   151   166
iipe(  4) =     15    15    15    15    15    15    15    15
                15    15    15    15
ispt(  5) =      1    16    31    46    61    76    91   106
               121   136   151   166
iipe(  5) =     15    15    15    15    15    15    15    15
                15    15    15    15
ispt(  6) =      1    16    31    46    61    76    91   106
               121   136   151   166
iipe(  6) =     15    15    15    15    15    15    15    15
                15    15    15    15
ispt(  7) =      1    16    31    46    61    76    91   106
               136   151   166     0
iipe(  7) =     15    15    15    15    15    15    15    30
                15    15    15     0
ispt(  8) =      1    16    46    61    76    91   106   121
               136   151   166     0
iipe(  8) =     15    30    15    15    15    15    15    15
                15    15    15     0
ispt(  9) =      1    16    46    61    76    91   106   121
               136   151   166     0
iipe(  9) =     15    30    15    15    15    15    15    15
                15    15    15     0
ispt( 10) =      1    16    46    61    76    91   106   121
               136   151   166     0
iipe( 10) =     15    30    15    15    15    15    15    15
                15    15    15     0
ispt( 11) =      1    16    31    47    76    91   106   121
               136   151   166     0
iipe( 11) =     15    15    16    29    15    15    15    15
                15    15    15     0
ispt( 12) =      1    16    31    46    76    91   106   121
               136   151   166     0
iipe( 12) =     15    15    15    30    15    15    15    15
                15    15    15     0
ispt( 13) =      1    16    37     0    76    91   106   121
               136   151   166     0
iipe( 13) =     15    21    24     0    15    15    15    15
                15    15    15     0
ispt( 14) =      1    16    31    46    76    91   106   121
               136   151   166     0
iipe( 14) =     15    15    15    30    15    15    15    15
                15    15    15     0
ispt( 15) =      1    16    31    46    76   106   121   136
               151   166     0     0
iipe( 15) =     15    15    15    30    30    15    15    15
                15    15     0     0
ispt( 16) =      1    31    46    61     0   114   121   136
               151   166     0     0
iipe( 16) =     30    15    15    30     0     7    15    15
                15    15     0     0
ispt( 17) =      0    13    33    48     0   116   131   146
               161     0     0     0
iipe( 17) =      0    20    15    30     0    15    15    15
                15     0     0     0
ispt( 18) =      0     8    23    38    53     0     0     0
               124   136   151     0
iipe( 18) =      0    15    15    15    15     0     0     0
                12    15    22     0
ispt( 19) =      8    22    46    61     0     0     0   123
               153     0     0     0
iipe( 19) =     14    24    15    15     0     0     0    30
                15     0     0     0
ispt( 20) =     10    31    58     0     0   119   134   149
                 0     0     0     0
iipe( 20) =     21    27    18     0     0    15    15    15
                 0     0     0     0
ispt( 21) =      0    12    33    48    63     0   109   135
               151     0     0     0
iipe( 21) =      0    21    15    15    15     0    26    16
                19     0     0     0
ispt( 22) =      1    16    31    46    61    76    91   106
               121   136   151   166
iipe( 22) =     15    15    15    15    15    15    15    15
                15    15    15    15
 
jspt(  1) =      1     9    17    26    35    44    53    62
                71    80    89    98   107   116   125   134
               143   152   161   170   178   186
jjpe(  1) =      8     8     9     9     9     9     9     9
                 9     9     9     9     9     9     9     9
                 9     9     9     8     8     8
