  npes   npe   mpe   idm   jdm  ibig  jbig  nreg  minsea  maxsea  avesea
    96    10    12   180   193    36    17     2       1     312     243

ispt(  1) =      1    37     0     0     0   136   163     0
                 0     0
iipe(  1) =     36    33     0     0     0    27    18     0
                 0     0
ispt(  2) =      1    19    37    55    73    91   127   145
               163     0
iipe(  2) =     18    18    18    18    18    36    18    18
                18     0
ispt(  3) =      1    19    37    55    73    91   109   127
               145   163
iipe(  3) =     18    18    18    18    18    18    18    18
                18    18
ispt(  4) =      1    19    37    55    73    91   109   127
               145   163
iipe(  4) =     18    18    18    18    18    18    18    18
                18    18
ispt(  5) =      1    37    55    73    91   109   127   145
               163     0
iipe(  5) =     36    18    18    18    18    18    18    18
                18     0
ispt(  6) =      1    19    48    73    91   109   127   145
               163     0
iipe(  6) =     18    29    25    18    18    18    18    18
                18     0
ispt(  7) =      1    19    37    77    91   109   127   145
               163     0
iipe(  7) =     18    18    25    14    18    18    18    18
                18     0
ispt(  8) =      1    19    37    73    91   109   127   145
               163     0
iipe(  8) =     18    18    36    18    18    18    18    18
                18     0
ispt(  9) =      1    34    55    91   127   145   163     0
                 0     0
iipe(  9) =     33    21    36    36    18    18    18     0
                 0     0
ispt( 10) =      0     8    38    58     0   124   149     0
                 0     0
iipe( 10) =      0    30    20    18     0    25    26     0
                 0     0
ispt( 11) =      0     8    40    58     0   119   137     0
                 0     0
iipe( 11) =      0    32    18    18     0    18    29     0
                 0     0
ispt( 12) =      1    19    37    55    73    91   109   127
               145   163
iipe( 12) =     18    18    18    18    18    18    18    18
                18    18
 
jspt(  1) =      1    17    33    49    65    81    98   114
               130   146   162   178
jjpe(  1) =     16    16    16    16    16    17    16    16
                16    16    16    16
