  npes   npe   mpe   idm   jdm  ibig  jbig  nreg  minsea  maxsea  avesea
    39     6     8   180   193    60    25     2     111     750     600

ispt(  1) =      1    61   121     0     0     0
iipe(  1) =     60    60    60     0     0     0
ispt(  2) =      1    31    61    91   121   151
iipe(  2) =     30    30    30    30    30    30
ispt(  3) =      1    31    61    91   121   151
iipe(  3) =     30    30    30    30    30    30
ispt(  4) =      1    49    91   121   151     0
iipe(  4) =     48    42    30    30    30     0
ispt(  5) =      1    37    91   121   151     0
iipe(  5) =     36    54    30    30    30     0
ispt(  6) =      1    31    61   121   151     0
iipe(  6) =     30    30    60    30    30     0
ispt(  7) =      8    31     0   121     0     0
iipe(  7) =     23    45     0    54     0     0
ispt(  8) =      1    31    61    91   121   151
iipe(  8) =     30    30    30    30    30    30
 
jspt(  1) =      1    25    49    73    98   122   146   170
jjpe(  1) =     24    24    24    25    24    24    24    24
