  npes   npe   mpe   idm   jdm  ibig  jbig  nreg  minsea  maxsea  avesea
    42     8     6   180   193    46    33     2      38     736     557

ispt(  1) =      1    23    45    91   137   159     0     0
iipe(  1) =     22    22    46    46    22    22     0     0
ispt(  2) =      1    23    45    68    91   114   137   159
iipe(  2) =     22    22    23    23    23    23    22    22
ispt(  3) =      1    41    73    91   114   137   159     0
iipe(  3) =     40    23    18    23    23    22    22     0
ispt(  4) =      1    23    45    91   114   137   159     0
iipe(  4) =     22    22    46    23    23    22    22     0
ispt(  5) =      1    23    45    91   137   159     0     0
iipe(  5) =     22    22    46    46    22    22     0     0
ispt(  6) =      1    23    45    68    91   114   137   159
iipe(  6) =     22    22    23    23    23    23    22    22
 
jspt(  1) =      1    33    65    98   130   162
jjpe(  1) =     32    32    33    32    32    32
