  npes   npe   mpe   idm   jdm  ibig  jbig  nreg  minsea  maxsea  avesea
    48    12     4   156    32    13     8     4     104     104     104

ispt(  1) =      1    14    27    40    53    66    79    92
               105   118   131   144
iipe(  1) =     13    13    13    13    13    13    13    13
                13    13    13    13
ispt(  2) =      1    14    27    40    53    66    79    92
               105   118   131   144
iipe(  2) =     13    13    13    13    13    13    13    13
                13    13    13    13
ispt(  3) =      1    14    27    40    53    66    79    92
               105   118   131   144
iipe(  3) =     13    13    13    13    13    13    13    13
                13    13    13    13
ispt(  4) =      1    14    27    40    53    66    79    92
               105   118   131   144
iipe(  4) =     13    13    13    13    13    13    13    13
                13    13    13    13

jspt(  1) =      1     9    17    25
jjpe(  1) =      8     8     8     8
