  npes   npe   mpe   idm   jdm  ibig  jbig  nreg  minsea  maxsea  avesea
    30     6     5   360   385    60    77     2     491    4620    3028

ispt(  1) =      1    61   121   181   241   301
iipe(  1) =     60    60    60    60    60    60
ispt(  2) =      1    61   121   181   241   301
iipe(  2) =     60    60    60    60    60    60
ispt(  3) =      1    61   121   181   241   301
iipe(  3) =     60    60    60    60    60    60
ispt(  4) =      1    61   121   181   241   301
iipe(  4) =     60    60    60    60    60    60
ispt(  5) =      1    61   121   181   241   301
iipe(  5) =     60    60    60    60    60    60
 
jspt(  1) =      1    78   155   232   309
jjpe(  1) =     77    77    77    77    77
