  npes   npe   mpe   idm   jdm  ibig  jbig  nreg  minsea  maxsea  avesea
  1024    16    64   208   512    13     8     1      91     104     103

ispt(  1) =     1   14   27   40   53   66   79   92
              105  118  131  144  157  170  183  196
iipe(  1) =    13   13   13   13   13   13   13   13
               13   13   13   13   13   13   13   13
ispt(  2) =     1   14   27   40   53   66   79   92
              105  118  131  144  157  170  183  196
iipe(  2) =    13   13   13   13   13   13   13   13
               13   13   13   13   13   13   13   13
ispt(  3) =     1   14   27   40   53   66   79   92
              105  118  131  144  157  170  183  196
iipe(  3) =    13   13   13   13   13   13   13   13
               13   13   13   13   13   13   13   13
ispt(  4) =     1   14   27   40   53   66   79   92
              105  118  131  144  157  170  183  196
iipe(  4) =    13   13   13   13   13   13   13   13
               13   13   13   13   13   13   13   13
ispt(  5) =     1   14   27   40   53   66   79   92
              105  118  131  144  157  170  183  196
iipe(  5) =    13   13   13   13   13   13   13   13
               13   13   13   13   13   13   13   13
ispt(  6) =     1   14   27   40   53   66   79   92
              105  118  131  144  157  170  183  196
iipe(  6) =    13   13   13   13   13   13   13   13
               13   13   13   13   13   13   13   13
ispt(  7) =     1   14   27   40   53   66   79   92
              105  118  131  144  157  170  183  196
iipe(  7) =    13   13   13   13   13   13   13   13
               13   13   13   13   13   13   13   13
ispt(  8) =     1   14   27   40   53   66   79   92
              105  118  131  144  157  170  183  196
iipe(  8) =    13   13   13   13   13   13   13   13
               13   13   13   13   13   13   13   13
ispt(  9) =     1   14   27   40   53   66   79   92
              105  118  131  144  157  170  183  196
iipe(  9) =    13   13   13   13   13   13   13   13
               13   13   13   13   13   13   13   13
ispt( 10) =     1   14   27   40   53   66   79   92
              105  118  131  144  157  170  183  196
iipe( 10) =    13   13   13   13   13   13   13   13
               13   13   13   13   13   13   13   13
ispt( 11) =     1   14   27   40   53   66   79   92
              105  118  131  144  157  170  183  196
iipe( 11) =    13   13   13   13   13   13   13   13
               13   13   13   13   13   13   13   13
ispt( 12) =     1   14   27   40   53   66   79   92
              105  118  131  144  157  170  183  196
iipe( 12) =    13   13   13   13   13   13   13   13
               13   13   13   13   13   13   13   13
ispt( 13) =     1   14   27   40   53   66   79   92
              105  118  131  144  157  170  183  196
iipe( 13) =    13   13   13   13   13   13   13   13
               13   13   13   13   13   13   13   13
ispt( 14) =     1   14   27   40   53   66   79   92
              105  118  131  144  157  170  183  196
iipe( 14) =    13   13   13   13   13   13   13   13
               13   13   13   13   13   13   13   13
ispt( 15) =     1   14   27   40   53   66   79   92
              105  118  131  144  157  170  183  196
iipe( 15) =    13   13   13   13   13   13   13   13
               13   13   13   13   13   13   13   13
ispt( 16) =     1   14   27   40   53   66   79   92
              105  118  131  144  157  170  183  196
iipe( 16) =    13   13   13   13   13   13   13   13
               13   13   13   13   13   13   13   13
ispt( 17) =     1   14   27   40   53   66   79   92
              105  118  131  144  157  170  183  196
iipe( 17) =    13   13   13   13   13   13   13   13
               13   13   13   13   13   13   13   13
ispt( 18) =     1   14   27   40   53   66   79   92
              105  118  131  144  157  170  183  196
iipe( 18) =    13   13   13   13   13   13   13   13
               13   13   13   13   13   13   13   13
ispt( 19) =     1   14   27   40   53   66   79   92
              105  118  131  144  157  170  183  196
iipe( 19) =    13   13   13   13   13   13   13   13
               13   13   13   13   13   13   13   13
ispt( 20) =     1   14   27   40   53   66   79   92
              105  118  131  144  157  170  183  196
iipe( 20) =    13   13   13   13   13   13   13   13
               13   13   13   13   13   13   13   13
ispt( 21) =     1   14   27   40   53   66   79   92
              105  118  131  144  157  170  183  196
iipe( 21) =    13   13   13   13   13   13   13   13
               13   13   13   13   13   13   13   13
ispt( 22) =     1   14   27   40   53   66   79   92
              105  118  131  144  157  170  183  196
iipe( 22) =    13   13   13   13   13   13   13   13
               13   13   13   13   13   13   13   13
ispt( 23) =     1   14   27   40   53   66   79   92
              105  118  131  144  157  170  183  196
iipe( 23) =    13   13   13   13   13   13   13   13
               13   13   13   13   13   13   13   13
ispt( 24) =     1   14   27   40   53   66   79   92
              105  118  131  144  157  170  183  196
iipe( 24) =    13   13   13   13   13   13   13   13
               13   13   13   13   13   13   13   13
ispt( 25) =     1   14   27   40   53   66   79   92
              105  118  131  144  157  170  183  196
iipe( 25) =    13   13   13   13   13   13   13   13
               13   13   13   13   13   13   13   13
ispt( 26) =     1   14   27   40   53   66   79   92
              105  118  131  144  157  170  183  196
iipe( 26) =    13   13   13   13   13   13   13   13
               13   13   13   13   13   13   13   13
ispt( 27) =     1   14   27   40   53   66   79   92
              105  118  131  144  157  170  183  196
iipe( 27) =    13   13   13   13   13   13   13   13
               13   13   13   13   13   13   13   13
ispt( 28) =     1   14   27   40   53   66   79   92
              105  118  131  144  157  170  183  196
iipe( 28) =    13   13   13   13   13   13   13   13
               13   13   13   13   13   13   13   13
ispt( 29) =     1   14   27   40   53   66   79   92
              105  118  131  144  157  170  183  196
iipe( 29) =    13   13   13   13   13   13   13   13
               13   13   13   13   13   13   13   13
ispt( 30) =     1   14   27   40   53   66   79   92
              105  118  131  144  157  170  183  196
iipe( 30) =    13   13   13   13   13   13   13   13
               13   13   13   13   13   13   13   13
ispt( 31) =     1   14   27   40   53   66   79   92
              105  118  131  144  157  170  183  196
iipe( 31) =    13   13   13   13   13   13   13   13
               13   13   13   13   13   13   13   13
ispt( 32) =     1   14   27   40   53   66   79   92
              105  118  131  144  157  170  183  196
iipe( 32) =    13   13   13   13   13   13   13   13
               13   13   13   13   13   13   13   13
ispt( 33) =     1   14   27   40   53   66   79   92
              105  118  131  144  157  170  183  196
iipe( 33) =    13   13   13   13   13   13   13   13
               13   13   13   13   13   13   13   13
ispt( 34) =     1   14   27   40   53   66   79   92
              105  118  131  144  157  170  183  196
iipe( 34) =    13   13   13   13   13   13   13   13
               13   13   13   13   13   13   13   13
ispt( 35) =     1   14   27   40   53   66   79   92
              105  118  131  144  157  170  183  196
iipe( 35) =    13   13   13   13   13   13   13   13
               13   13   13   13   13   13   13   13
ispt( 36) =     1   14   27   40   53   66   79   92
              105  118  131  144  157  170  183  196
iipe( 36) =    13   13   13   13   13   13   13   13
               13   13   13   13   13   13   13   13
ispt( 37) =     1   14   27   40   53   66   79   92
              105  118  131  144  157  170  183  196
iipe( 37) =    13   13   13   13   13   13   13   13
               13   13   13   13   13   13   13   13
ispt( 38) =     1   14   27   40   53   66   79   92
              105  118  131  144  157  170  183  196
iipe( 38) =    13   13   13   13   13   13   13   13
               13   13   13   13   13   13   13   13
ispt( 39) =     1   14   27   40   53   66   79   92
              105  118  131  144  157  170  183  196
iipe( 39) =    13   13   13   13   13   13   13   13
               13   13   13   13   13   13   13   13
ispt( 40) =     1   14   27   40   53   66   79   92
              105  118  131  144  157  170  183  196
iipe( 40) =    13   13   13   13   13   13   13   13
               13   13   13   13   13   13   13   13
ispt( 41) =     1   14   27   40   53   66   79   92
              105  118  131  144  157  170  183  196
iipe( 41) =    13   13   13   13   13   13   13   13
               13   13   13   13   13   13   13   13
ispt( 42) =     1   14   27   40   53   66   79   92
              105  118  131  144  157  170  183  196
iipe( 42) =    13   13   13   13   13   13   13   13
               13   13   13   13   13   13   13   13
ispt( 43) =     1   14   27   40   53   66   79   92
              105  118  131  144  157  170  183  196
iipe( 43) =    13   13   13   13   13   13   13   13
               13   13   13   13   13   13   13   13
ispt( 44) =     1   14   27   40   53   66   79   92
              105  118  131  144  157  170  183  196
iipe( 44) =    13   13   13   13   13   13   13   13
               13   13   13   13   13   13   13   13
ispt( 45) =     1   14   27   40   53   66   79   92
              105  118  131  144  157  170  183  196
iipe( 45) =    13   13   13   13   13   13   13   13
               13   13   13   13   13   13   13   13
ispt( 46) =     1   14   27   40   53   66   79   92
              105  118  131  144  157  170  183  196
iipe( 46) =    13   13   13   13   13   13   13   13
               13   13   13   13   13   13   13   13
ispt( 47) =     1   14   27   40   53   66   79   92
              105  118  131  144  157  170  183  196
iipe( 47) =    13   13   13   13   13   13   13   13
               13   13   13   13   13   13   13   13
ispt( 48) =     1   14   27   40   53   66   79   92
              105  118  131  144  157  170  183  196
iipe( 48) =    13   13   13   13   13   13   13   13
               13   13   13   13   13   13   13   13
ispt( 49) =     1   14   27   40   53   66   79   92
              105  118  131  144  157  170  183  196
iipe( 49) =    13   13   13   13   13   13   13   13
               13   13   13   13   13   13   13   13
ispt( 50) =     1   14   27   40   53   66   79   92
              105  118  131  144  157  170  183  196
iipe( 50) =    13   13   13   13   13   13   13   13
               13   13   13   13   13   13   13   13
ispt( 51) =     1   14   27   40   53   66   79   92
              105  118  131  144  157  170  183  196
iipe( 51) =    13   13   13   13   13   13   13   13
               13   13   13   13   13   13   13   13
ispt( 52) =     1   14   27   40   53   66   79   92
              105  118  131  144  157  170  183  196
iipe( 52) =    13   13   13   13   13   13   13   13
               13   13   13   13   13   13   13   13
ispt( 53) =     1   14   27   40   53   66   79   92
              105  118  131  144  157  170  183  196
iipe( 53) =    13   13   13   13   13   13   13   13
               13   13   13   13   13   13   13   13
ispt( 54) =     1   14   27   40   53   66   79   92
              105  118  131  144  157  170  183  196
iipe( 54) =    13   13   13   13   13   13   13   13
               13   13   13   13   13   13   13   13
ispt( 55) =     1   14   27   40   53   66   79   92
              105  118  131  144  157  170  183  196
iipe( 55) =    13   13   13   13   13   13   13   13
               13   13   13   13   13   13   13   13
ispt( 56) =     1   14   27   40   53   66   79   92
              105  118  131  144  157  170  183  196
iipe( 56) =    13   13   13   13   13   13   13   13
               13   13   13   13   13   13   13   13
ispt( 57) =     1   14   27   40   53   66   79   92
              105  118  131  144  157  170  183  196
iipe( 57) =    13   13   13   13   13   13   13   13
               13   13   13   13   13   13   13   13
ispt( 58) =     1   14   27   40   53   66   79   92
              105  118  131  144  157  170  183  196
iipe( 58) =    13   13   13   13   13   13   13   13
               13   13   13   13   13   13   13   13
ispt( 59) =     1   14   27   40   53   66   79   92
              105  118  131  144  157  170  183  196
iipe( 59) =    13   13   13   13   13   13   13   13
               13   13   13   13   13   13   13   13
ispt( 60) =     1   14   27   40   53   66   79   92
              105  118  131  144  157  170  183  196
iipe( 60) =    13   13   13   13   13   13   13   13
               13   13   13   13   13   13   13   13
ispt( 61) =     1   14   27   40   53   66   79   92
              105  118  131  144  157  170  183  196
iipe( 61) =    13   13   13   13   13   13   13   13
               13   13   13   13   13   13   13   13
ispt( 62) =     1   14   27   40   53   66   79   92
              105  118  131  144  157  170  183  196
iipe( 62) =    13   13   13   13   13   13   13   13
               13   13   13   13   13   13   13   13
ispt( 63) =     1   14   27   40   53   66   79   92
              105  118  131  144  157  170  183  196
iipe( 63) =    13   13   13   13   13   13   13   13
               13   13   13   13   13   13   13   13
ispt( 64) =     1   14   27   40   53   66   79   92
              105  118  131  144  157  170  183  196
iipe( 64) =    13   13   13   13   13   13   13   13
               13   13   13   13   13   13   13   13


jspt(  1) =     1    9   17   25   33   41   49   57
               65   73   81   89   97  105  113  121
              129  137  145  153  161  169  177  185
              193  201  209  217  225  233  241  249
              257  265  273  281  289  297  305  313
              321  329  337  345  353  361  369  377
              385  393  401  409  417  425  433  441
              449  457  465  473  481  489  497  505
jjpe(  1) =     8    8    8    8    8    8    8    8
                8    8    8    8    8    8    8    8
                8    8    8    8    8    8    8    8
                8    8    8    8    8    8    8    8
                8    8    8    8    8    8    8    8
                8    8    8    8    8    8    8    8
                8    8    8    8    8    8    8    8
                8    8    8    8    8    8    8    8
