  npes   npe   mpe   idm   jdm  ibig  jbig  nreg  minsea  maxsea  avesea
   512    32    16    13    16    13    16     1     208     208     208

ispt(  1) =      0    13    26    39    52    65    78    91 
               104   117   130   143   156   169   182   195
iipe(  1) =     13    13    13    13    13    13    13    13
                13    13    13    13
ispt(  2) =      0    13    26    39    52    65    78    91
               104   117   130   143   156   169   182   195
iipe(  2) =     13    13    13    13    13    13    13    13
                13    13    13    13
ispt(  3) =      0    13    26    39    52    65    78    91
               104   117   130   143   156   169   182   195
iipe(  3) =     13    13    13    13    13    13    13    13
                13    13    13    13
ispt(  4) =      0    13    26    39    52    65    78    91
               104   117   130   143   156   169   182   195
iipe(  4) =     13    13    13    13    13    13    13    13
                13    13    13    13
ispt(  5) =      0    13    26    39    52    65    78    91
               104   117   130   143   156   169   182   195
iipe(  5) =     13    13    13    13    13    13    13    13
                13    13    13    13
ispt(  6) =      0    13    26    39    52    65    78    91
               104   117   130   143   156   169   182   195
iipe(  6) =     13    13    13    13    13    13    13    13
                13    13    13    13
ispt(  7) =      0    13    26    39    52    65    78    91
               104   117   130   143   156   169   182   195
iipe(  7) =     13    13    13    13    13    13    13    13
                13    13    13    13
ispt(  8) =      0    13    26    39    52    65    78    91
               104   117   130   143   156   169   182   195
iipe(  8) =     13    13    13    13    13    13    13    13
                13    13    13    13
ispt(  9) =      0    13    26    39    52    65    78    91
               104   117   130   143   156   169   182   195
iipe(  9) =     13    13    13    13    13    13    13    13
                13    13    13    13
ispt( 10) =      0    13    26    39    52    65    78    91
               104   117   130   143   156   169   182   195
iipe( 10) =     13    13    13    13    13    13    13    13
                13    13    13    13
ispt( 11) =      0    13    26    39    52    65    78    91
               104   117   130   143   156   169   182   195
iipe( 11) =     13    13    13    13    13    13    13    13
                13    13    13    13
ispt( 12) =      0    13    26    39    52    65    78    91
               104   117   130   143   156   169   182   195
iipe( 12) =     13    13    13    13    13    13    13    13
                13    13    13    13
ispt( 13) =      0    13    26    39    52    65    78    91
              104   117   130   143   156   169   182   195
iipe( 13) =     13    13    13    13    13    13    13    13
                13    13    13    13
ispt( 14) =      0    13    26    39    52    65    78    91
               104   117   130   143   156   169   182   195
iipe( 14) =     13    13    13    13    13    13    13    13
                13    13    13    13
ispt( 15) =      0    13    26    39    52    65    78    91
               104   117   130   143   156   169   182   195
iipe( 15) =     13    13    13    13    13    13    13    13
                13    13    13    13
ispt( 16) =      0    13    26    39    52    65    78    91
               104   117   130   143   156   169   182   195
iipe( 16) =     13    13    13    13    13    13    13    13
                13    13    13    13

jspt(  1) =     0    16    32    48    64    80    96   112
              128   144   160   176   192   208   224   240
              256   272   288   304   320   336   352   368
              384   400   416   432   448   464   480   496
jjpe(  1) =    16    16    16    16    16    16    16    16
               16    16    16    16    16    16    16    16
               16    16    16    16    16    16    16    16
               16    16    16    16    16    16    16    16
jspt(  2) =	0    16    32    48    64    80    96   112
              128   144   160   176   192   208   224   240
              256   272   288   304   320   336   352   368
              384   400   416   432   448   464   480   496
jjpe(  2) =    16    16    16    16    16    16    16    16
               16    16    16    16    16    16    16    16
               16    16    16    16    16    16    16    16
               16    16    16    16    16    16    16    16
jspt(  3) =     0    16    32    48    64    80    96   112
              128   144   160   176   192   208   224   240
              256   272   288   304   320   336   352   368
              384   400   416   432   448   464   480   496
jjpe(  3) =    16    16    16    16    16    16    16    16
               16    16    16    16    16    16    16    16
               16    16    16    16    16    16    16    16
               16    16    16    16    16    16    16    16
jspt(  4) =     0    16    32    48    64    80    96   112
              128   144   160   176   192   208   224   240
              256   272   288   304   320   336   352   368
              384   400   416   432   448   464   480   496
jjpe(  4) =    16    16    16    16    16    16    16    16
               16    16    16    16    16    16    16    16
               16    16    16    16    16    16    16    16
               16    16    16    16    16    16    16    16
jspt(  5) =     0    16    32    48    64    80    96   112
              128   144   160   176   192   208   224   240
              256   272   288   304   320   336   352   368
              384   400   416   432   448   464   480   496
jjpe(  5) =    16    16    16    16    16    16    16    16
               16    16    16    16    16    16    16    16
               16    16    16    16    16    16    16    16
               16    16    16    16    16    16    16    16
jspt(  6) =     0    16    32    48    64    80    96   112
              128   144   160   176   192   208   224   240
              256   272   288   304   320   336   352   368
              384   400   416   432   448   464   480   496
jjpe(  6) =    16    16    16    16    16    16    16    16
               16    16    16    16    16    16    16    16
               16    16    16    16    16    16    16    16
               16    16    16    16    16    16    16    16
jspt(  7) =     0    16    32    48    64    80    96   112
              128   144   160   176   192   208   224   240
              256   272   288   304   320   336   352   368
              384   400   416   432   448   464   480   496
jjpe(  7) =    16    16    16    16    16    16    16    16
               16    16    16    16    16    16    16    16
               16    16    16    16    16    16    16    16
               16    16    16    16    16    16    16    16
jspt(  8) =     0    16    32    48    64    80    96   112
              128   144   160   176   192   208   224   240
              256   272   288   304   320   336   352   368
              384   400   416   432   448   464   480   496
jjpe(  8) =    16    16    16    16    16    16    16    16
               16    16    16    16    16    16    16    16
               16    16    16    16    16    16    16    16
               16    16    16    16    16    16    16    16
jspt(  9) =     0    16    32    48    64    80    96   112
              128   144   160   176   192   208   224   240
              256   272   288   304   320   336   352   368
              384   400   416   432   448   464   480   496
jjpe(  9) =    16    16    16    16    16    16    16    16
               16    16    16    16    16    16    16    16
               16    16    16    16    16    16    16    16
               16    16    16    16    16    16    16    16
jspt( 10) =     0    16    32    48    64    80    96   112
              128   144   160   176   192   208   224   240
              256   272   288   304   320   336   352   368
              384   400   416   432   448   464   480   496
jjpe( 10) =    16    16    16    16    16    16    16    16
               16    16    16    16    16    16    16    16
               16    16    16    16    16    16    16    16
               16    16    16    16    16    16    16    16
jspt( 11) =     0    16    32    48    64    80    96   112
              128   144   160   176   192   208   224   240
              256   272   288   304   320   336   352   368
              384   400   416   432   448   464   480   496
jjpe( 11) =    16    16    16    16    16    16    16    16
               16    16    16    16    16    16    16    16
               16    16    16    16    16    16    16    16
               16    16    16    16    16    16    16    16
jspt( 12) =     0    16    32    48    64    80    96   112
              128   144   160   176   192   208   224   240
              256   272   288   304   320   336   352   368
              384   400   416   432   448   464   480   496
jjpe( 12) =    16    16    16    16    16    16    16    16
               16    16    16    16    16    16    16    16
               16    16    16    16    16    16    16    16
               16    16    16    16    16    16    16    16
jspt( 13) =     0    16    32    48    64    80    96   112
              128   144   160   176   192   208   224   240
              256   272   288   304   320   336   352   368
              384   400   416   432   448   464   480   496
jjpe( 13) =    16    16    16    16    16    16    16    16
               16    16    16    16    16    16    16    16
               16    16    16    16    16    16    16    16
               16    16    16    16    16    16    16    16
jspt( 14) =     0    16    32    48    64    80    96   112
              128   144   160   176   192   208   224   240
              256   272   288   304   320   336   352   368
              384   400   416   432   448   464   480   496
jjpe( 14) =    16    16    16    16    16    16    16    16
               16    16    16    16    16    16    16    16
               16    16    16    16    16    16    16    16
               16    16    16    16    16    16    16    16
jspt( 15) =     0    16    32    48    64    80    96   112
              128   144   160   176   192   208   224   240
              256   272   288   304   320   336   352   368
              384   400   416   432   448   464   480   496
jjpe( 15) =    16    16    16    16    16    16    16    16
               16    16    16    16    16    16    16    16
               16    16    16    16    16    16    16    16
               16    16    16    16    16    16    16    16
jspt( 16) =     0    16    32    48    64    80    96   112
              128   144   160   176   192   208   224   240
              256   272   288   304   320   336   352   368
              384   400   416   432   448   464   480   496
jjpe( 16) =    16    16    16    16    16    16    16    16
               16    16    16    16    16    16    16    16
               16    16    16    16    16    16    16    16
               16    16    16    16    16    16    16    16