  npes   npe   mpe   idm   jdm  ibig  jbig  nreg  minsea  maxsea  avesea
   128     8    16    64   128     8     8     1      56      64      63

ispt(  1) =     1    9   17   25   33   41   49   57
iipe(  1) =     8    8    8    8    8    8    8    8
ispt(  2) =     1    9   17   25   33   41   49   57
iipe(  2) =     8    8    8    8    8    8    8    8
ispt(  3) =     1    9   17   25   33   41   49   57
iipe(  3) =     8    8    8    8    8    8    8    8
ispt(  4) =     1    9   17   25   33   41   49   57
iipe(  4) =     8    8    8    8    8    8    8    8
ispt(  5) =     1    9   17   25   33   41   49   57
iipe(  5) =     8    8    8    8    8    8    8    8
ispt(  6) =     1    9   17   25   33   41   49   57
iipe(  6) =     8    8    8    8    8    8    8    8
ispt(  7) =     1    9   17   25   33   41   49   57
iipe(  7) =     8    8    8    8    8    8    8    8
ispt(  8) =     1    9   17   25   33   41   49   57
iipe(  8) =     8    8    8    8    8    8    8    8
ispt(  9) =     1    9   17   25   33   41   49   57
iipe(  9) =     8    8    8    8    8    8    8    8
ispt( 10) =     1    9   17   25   33   41   49   57
iipe( 10) =     8    8    8    8    8    8    8    8
ispt( 11) =     1    9   17   25   33   41   49   57
iipe( 11) =     8    8    8    8    8    8    8    8
ispt( 12) =     1    9   17   25   33   41   49   57
iipe( 12) =     8    8    8    8    8    8    8    8
ispt( 13) =     1    9   17   25   33   41   49   57
iipe( 13) =     8    8    8    8    8    8    8    8
ispt( 14) =     1    9   17   25   33   41   49   57
iipe( 14) =     8    8    8    8    8    8    8    8
ispt( 15) =     1    9   17   25   33   41   49   57
iipe( 15) =     8    8    8    8    8    8    8    8
ispt( 16) =     1    9   17   25   33   41   49   57
iipe( 16) =     8    8    8    8    8    8    8    8


jspt(  1) =     1    9   17   25   33   41   49   57
               65   73   81   89   97  105  113  121
jjpe(  1) =     8    8    8    8    8    8    8    8
                8    8    8    8    8    8    8    8
