  npes   npe   mpe   idm   jdm  ibig  jbig  nreg  minsea  maxsea  avesea
    42     6     7   320   384    54    55     1     329    2970    2144

ispt(  1) =      1    54   107   161   215   268
iipe(  1) =     53    53    54    54    53    53
ispt(  2) =      1    54   107   161   215   268
iipe(  2) =     53    53    54    54    53    53
ispt(  3) =      1    66   107   161   215   268
iipe(  3) =     49    41    54    54    53    53
ispt(  4) =      1    70   107   161   215   268
iipe(  4) =     48    37    54    54    53    53
ispt(  5) =      1    54   107   161   215   268
iipe(  5) =     53    53    54    54    53    53
ispt(  6) =      1    54   141   161   215   268
iipe(  6) =     53    34    20    54    53    53
ispt(  7) =      1    54   107   161   215   268
iipe(  7) =     53    53    54    54    53    53

jspt(  1) =      1    56   111   166   221   276   331
jjpe(  1) =     55    55    55    55    55    55    54
