  npes   npe   mpe   idm   jdm  ibig  jbig  nreg  minsea  maxsea  avesea
    96     8    12   320   384    40    32     1     112    1280     938

ispt(  1) =      1    41    81   121   161   201   241   281
iipe(  1) =     40    40    40    40    40    40    40    40
ispt(  2) =      1    41    81   121   161   201   241   281
iipe(  2) =     40    40    40    40    40    40    40    40
ispt(  3) =      1    41    81   121   161   201   241   281
iipe(  3) =     40    40    40    40    40    40    40    40
ispt(  4) =      1    41    81   121   161   201   241   281
iipe(  4) =     40    40    40    40    40    40    40    40
ispt(  5) =      1    41    81   121   161   201   241   281
iipe(  5) =     40    40    40    40    40    40    40    40
ispt(  6) =      1    41    81   121   161   201   241   281
iipe(  6) =     40    40    40    40    40    40    40    40
ispt(  7) =      1    41    81   121   161   201   241   281
iipe(  7) =     40    40    40    40    40    40    40    40
ispt(  8) =      1    68    81   121   161   201   241   281
iipe(  8) =     25    13    40    40    40    40    40    40
ispt(  9) =      1    45    81   121   161   201   241   281
iipe(  9) =     36    36    40    40    40    40    40    40
ispt( 10) =      1    41    81   141   161   201   241   285
iipe( 10) =     40    40     7    20    40    40     9    36
ispt( 11) =      1    41    81   121   161   201   241   281
iipe( 11) =     40    40    40    40    40    40    40    40
ispt( 12) =      1    41    81   121   161   201   241   281
iipe( 12) =     40    40    40    40    40    40    40    40

jspt(  1) =      1    33    65    97   129   161   193   225
               257   289   321   353
jjpe(  1) =     32    32    32    32    32    32    32    32
                32    32    32    32
