  npes   npe   mpe   idm   jdm  ibig  jbig  nreg  minsea  maxsea  avesea
   200    13    16   320   384    25    24     1       0     600     450

ispt(  1) =      1    25    49    74    99   124   149   174
               199   224   249   273   297
iipe(  1) =     24    24    25    25    25    25    25    25
                25    25    24    24    24
ispt(  2) =      1    25    49    74    99   124   149   174
               199   224   249   273   297
iipe(  2) =     24    24    25    25    25    25    25    25
                25    25    24    24    24
ispt(  3) =      1    25    49    74    99   124   149   174
               199   224   249   273   297
iipe(  3) =     24    24    25    25    25    25    25    25
                25    25    24    24    24
ispt(  4) =      1    25    49    74    99   124   149   174
               199   224   249   273   297
iipe(  4) =     24    24    25    25    25    25    25    25
                25    25    24    24    24
ispt(  5) =      1    25    49    74    99   124   161   174
               199   224   249   273   297
iipe(  5) =     24    24    25    25    25    22    13    25
                25    25    24    24    24
ispt(  6) =      1    25    49    74    99   124   149   174
               199   224   249   273   297
iipe(  6) =     24    24    25    25    25    25    25    25
                25    25    24    24    24
ispt(  7) =      1    25    49    74    99   124   149   174
               199   224   249   273     0
iipe(  7) =     24    24    25    25    25    25    25    25
                25    25    24    16     0
ispt(  8) =      1    25    49    74    99   124   149   174
               199   224   249   273   311
iipe(  8) =     24    24    25    25    25    25    25    25
                25    25    24    15    10
ispt(  9) =      1    25     0    74    99   124   149   174
               199   224   249   273   303
iipe(  9) =     24    21     0    25    25    25    25    25
                25    25    24    16    18
ispt( 10) =      1    25    71    74    99   124   149   174
               199   224   249   273   297
iipe( 10) =     24     3     3    25    25    25    25    25
                25    25    24    24    24
ispt( 11) =      1     0    67    74    99   124   149   174
               199   224   249   273   297
iipe( 11) =     24     0     7    25    25    25    25    25
                25    25    24    24    24
ispt( 12) =      1    25    49    74     0   140   149   174
               199   224   249   273   297
iipe( 12) =     24    24    25    25     0     9    25    25
                25    25    24    24    24
ispt( 13) =      1    25    49    74     0   141   149   174
               199   224   249   285   297
iipe( 13) =     24    24    25    14     0     8    25    25
                25    25     3    12    24
ispt( 14) =      1    25    49     0     0     0   154   174
               199   224   267   273   297
iipe( 14) =     24    24    18     0     0     0    20    25
                25    21     6    24    24
ispt( 15) =      1    25    49    74    99   124   149   174
               199   224   249   273   297
iipe( 15) =     24    24    25    25    25    25    25    25
                25    25    24    24    24
ispt( 16) =      1    25    49    74    99   124   149   174
               199   224   249   273   297
iipe( 16) =     24    24    25    25    25    25    25    25
                25    25    24    24    24

jspt(  1) =      1    25    49    73    97   121   145   169
               193   217   241   265   289   313   337   361
jjpe(  1) =     24    24    24    24    24    24    24    24
                24    24    24    24    24    24    24    24
