  npes   npe   mpe   idm   jdm  ibig  jbig  nreg  minsea  maxsea  avesea
    90     9    10   320   384    36    39     1      19    1404    1000

ispt(  1) =      1    36    72   108   144   180   216   251
               286
iipe(  1) =     35    36    36    36    36    36    35    35
                35
ispt(  2) =      1    36    72   108   144   180   216   251
               286
iipe(  2) =     35    36    36    36    36    36    35    35
                35
ispt(  3) =      1    36    72   108   144   180   216   251
               286
iipe(  3) =     35    36    36    36    36    36    35    35
                35
ispt(  4) =      1    36    72   108   144   180   216   251
               286
iipe(  4) =     35    36    36    36    36    36    35    35
                35
ispt(  5) =      1    36    72   108   144   180   216   251
               286
iipe(  5) =     35    36    36    36    36    36    35    35
                35
ispt(  6) =      1    36    72   108   144   180   216   251
               286
iipe(  6) =     35    36    36    36    36    36    35    35
                35
ispt(  7) =      1    66    72   108   144   180   216   251
               286
iipe(  7) =     24     6    36    36    36    36    35    35
                35
ispt(  8) =      1    36    72   141   144   180   216   251
               286
iipe(  8) =     35    36    17     3    36    36    35    35
                35
ispt(  9) =      1    36    72   108   144   180   216   265
               286
iipe(  9) =     35    36    36    36    36    36    30    21
                35
ispt( 10) =      1    36    72   108   144   180   216   251
               286
iipe( 10) =     35    36    36    36    36    36    35    35
                35

jspt(  1) =      1    39    77   115   154   193   232   271
               309   347
jjpe(  1) =     38    38    38    39    39    39    39    38
                38    38
