  npes   npe   mpe   idm   jdm  ibig  jbig  nreg  minsea  maxsea  avesea
  1681    48    48  1440  1153    30    25     2       0     750     592

ispt(  1) =     28     0     0     0     0     0     0     0
                 0     0     0     0     0     0     0     0
                 0     0     0     0     0     0     0     0
                 0     0     0     0     0     0     0     0
                 0     0     0     0     0     0     0     0
                 0     0     0     0     0     0     0     0
iipe(  1) =      3     0     0     0     0     0     0     0
                 0     0     0     0     0     0     0     0
                 0     0     0     0     0     0     0     0
                 0     0     0     0     0     0     0     0
                 0     0     0     0     0     0     0     0
                 0     0     0     0     0     0     0     0
ispt(  2) =      0     0     0     0     0     0     0     0
               245   271   301     0     0     0     0     0
                 0     0     0     0     0     0     0     0
                 0     0     0     0     0     0     0     0
                 0     0     0     0  1094  1111  1141  1171
              1201  1231     0     0     0     0     0     0
iipe(  2) =      0     0     0     0     0     0     0     0
                26    30    12     0     0     0     0     0
                 0     0     0     0     0     0     0     0
                 0     0     0     0     0     0     0     0
                 0     0     0     0    17    30    30    30
                30    24     0     0     0     0     0     0
ispt(  3) =      0     0     0     0     0     0     0   214
               241   271   301   331     0     0     0     0
                 0     0     0     0     0     0     0     0
                 0     0     0     0     0     0     0     0
                 0     0     0     0  1090  1111  1141  1171
              1201  1231  1261  1291     0     0     0     0
iipe(  3) =      0     0     0     0     0     0     0    27
                30    30    30     4     0     0     0     0
                 0     0     0     0     0     0     0     0
                 0     0     0     0     0     0     0     0
                 0     0     0     0    21    30    30    30
                30    30    30     3     0     0     0     0
ispt(  4) =      1    31     0     0     0     0   193   211
               241   271   301   331     0     0     0     0
                 0     0     0     0     0     0     0     0
                 0     0     0     0     0     0     0     0
                 0     0     0     0  1091  1111  1141  1171
              1201  1231  1261  1291  1321  1351     0  1429
iipe(  4) =     30     5     0     0     0     0    18    30
                30    30    30    22     0     0     0     0
                 0     0     0     0     0     0     0     0
                 0     0     0     0     0     0     0     0
                 0     0     0     0    20    30    30    30
                30    30    30    30    30    18     0    12
ispt(  5) =      1    31    61    91   121   151   194   211
               241   271   301   331   361     0     0     0
                 0     0     0     0     0     0     0     0
                 0     0     0     0     0     0     0     0
                 0     0     0     0  1100  1111  1141  1171
              1201  1231  1261  1291  1321  1351  1381  1411
iipe(  5) =     30    30    30    30    30     3    17    30
                30    30    30    30    15     0     0     0
                 0     0     0     0     0     0     0     0
                 0     0     0     0     0     0     0     0
                 0     0     0     0    11    30    30    30
                30    30    30    30    30    30    30    30
ispt(  6) =      1    31    61    91   121   151   198   211
               241   271   301   331   361   391   421   451
                 0   516   541     0     0     0     0   713
               721     0     0     0     0     0     0     0
                 0     0     0     0  1087  1111  1141  1171
              1201  1231  1261  1291  1321  1351  1381  1411
iipe(  6) =     30    30    30    30    30     3    13    30
                30    30    30    30    30    30    30    18
                 0    25    16     0     0     0     0     8
                10     0     0     0     0     0     0     0
                 0     0     0     0    24    30    30    30
                30    30    30    30    30    30    30    30
ispt(  7) =      1    31    61    91   121   151   195   211
               241   271   301   331   361   391   421   451
               481   511   541   571   601     0     0   715
               721   751     0     0     0     0     0     0
                 0     0  1034  1051  1081  1111  1141  1171
              1201  1231  1261  1291  1321  1351  1381  1411
iipe(  7) =     30    30    30    30    30    23    16    30
                30    30    30    30    30    30    30    30
                30    30    30    30     6     0     0     6
                30     3     0     0     0     0     0     0
                 0     0    17    30    30    30    30    30
                30    30    30    30    30    30    30    30
ispt(  8) =      1    31    61    91   121   151   196   211
               241   271   301   331   361   391   421   451
               481   511   541   571   601   631   665   691
               721   751   781   811   841   871   901   931
               961   991  1021  1051  1081  1111  1141  1171
              1201  1231  1261  1291  1321  1351  1381  1411
iipe(  8) =     30    30    30    30    30    27    15    30
                30    30    30    30    30    30    30    30
                30    30    30    30    30    16    26    30
                30    30    30    30    30    30    30    30
                30    30    30    30    30    30    30    30
                30    30    30    30    30    30    30    30
ispt(  9) =      1    31    61    91   121   151   181   211
               241   271   301   331   361   391   421   451
               481   511   541   571   601   631   661   691
               721   751   781   811   841   871   901   931
               961   991  1021  1051  1081  1111  1141  1171
              1201  1231  1261  1291  1321  1351  1381  1411
iipe(  9) =     30    30    30    30    30    30    30    30
                30    30    30    30    30    30    30    30
                30    30    30    30    30    30    30    30
                30    30    30    30    30    30    30    30
                30    30    30    30    30    30    30    30
                30    30    30    30    30    30    30    30
ispt( 10) =      1    31    61    91   121   151   181   211
               241   271   301   331   361   391   421   451
               481   511   541   571   601   631   661   691
               721   751   781   811   841   871   901   931
               961   991  1021  1051  1081  1111  1141  1171
              1201  1231  1261  1291  1321  1351  1381  1411
iipe( 10) =     30    30    30    30    30    30    30    30
                30    30    30    30    30    30    30    30
                30    30    30    30    30    30    30    30
                30    30    30    30    30    30    30    30
                30    30    30    30    30    30    30    30
                30    30    30    30    30    30    30    30
ispt( 11) =      1    31    61    91   121   151   181   211
               241   271   301   331   361   391   421   451
               481   511   541   571   601   631   661   691
               721   751   781   811   841   871   901   931
               961   991  1021  1051  1081  1111  1141  1171
              1201  1231  1261  1291  1321  1351  1381  1411
iipe( 11) =     30    30    30    30    30    30    30    30
                30    30    30    30    30    30    30    30
                30    30    30    30    30    30    30    30
                30    30    30    30    30    30    30    30
                30    30    30    30    30    30    30    30
                30    30    30    30    30    30    30    30
ispt( 12) =      1    31    61    91   121   151   181   211
               241   271   301   331   361   391   421   451
               481   511   541   571   601   631   661   691
               721   751   781   811   841   871   901   931
               961   991  1021  1051  1081  1111  1141  1171
              1201  1231  1261  1291  1321  1351  1381  1411
iipe( 12) =     30    30    30    30    30    30    30    30
                30    30    30    30    30    30    30    30
                30    30    30    30    30    30    30    30
                30    30    30    30    30    30    30    30
                30    30    30    30    30    30    30    30
                30    30    30    30    30    30    30    30
ispt( 13) =      1    31    61    91   121   151   181   211
               241   271   301   331   361   391   421   451
               481   511   541   571   601   631   661   691
               721   751   781   811   841   871   901   931
               961   991  1021  1051  1081  1111  1141  1171
              1201  1231  1261  1291  1321  1351  1381  1411
iipe( 13) =     30    30    30    30    30    30    30    30
                30    30    30    30    30    30    30    30
                30    30    30    30    30    30    30    30
                30    30    30    30    30    30    30    30
                30    30    30    30    30    30    30    30
                30    30    30    30    30    30    30    30
ispt( 14) =      1    31    61    91   121   163   181   211
               241   271   301   331   361   391   421   451
               481   511   541   571   601   631   661   691
               721   751   781   811   841   871   901   931
               961   991  1021  1051  1081  1111  1141  1171
              1201  1231  1261  1291  1321  1351  1381  1411
iipe( 14) =     30    30    30    30    24    18    30    30
                30    30    30    30    30    30    30    30
                30    30    30    30    30    30    30    30
                30    30    30    30    30    30    30    30
                30    30    30    30    30    30    30    30
                30    30    30    30    30    30    30    30
ispt( 15) =      1    31    61    91   121   151   181   211
               241   271   301   331   361   391   421   451
               481   511   541   571   601   631   661   691
               721   751   781   811   841   871   901   931
               961   991  1021  1051  1081  1111  1141  1171
              1201  1231  1261  1291  1321  1351  1381  1411
iipe( 15) =     30    30    30    30    30    30    30    30
                30    30    30    30    30    30    30    30
                30    30    30    30    30    30    30    30
                30    30    30    30    30    30    30    30
                30    30    30    30    30    30    30    30
                30    30    30    30    30    30    30    30
ispt( 16) =      1    31    61    91   121   151   181   211
               241   271   301   331   361   391   421   451
               481   511   541   571   601   631   661   691
               721   751   781   811   841   871   901   931
               961   991  1021  1051  1081  1111  1141  1171
              1201  1231  1261  1291  1321  1351  1381  1411
iipe( 16) =     30    30    30    30    30    30    30    30
                30    30    30    30    30    30    30    30
                30    30    30    30    30    30    30    30
                30    30    30    30    30    30    30    30
                30    30    30    30    30    30    30    30
                30    30    30    30    30    30    30    30
ispt( 17) =      1    31    61    91   121   151   193   211
               241   271   301   331   361   391   421   451
               481   511   541   571   601   631   661   691
               721   751   781   811   841   871   901   931
               961   991  1021  1051  1081  1111  1141  1171
              1201  1231  1261  1291  1321  1351  1381  1411
iipe( 17) =     30    30    30    30    30     4    18    30
                30    30    30    30    30    30    30    30
                30    30    30    30    30    30    30    30
                30    30    30    30    30    30    30    30
                30    30    30    30    30    30    30    30
                30    30    30    30    30    30    30    30
ispt( 18) =      1    31    61    91   121   151     0   225
               241   271   301   331   361   391   421   451
               481   511   541   571   601   631   661   691
               721   751   781   811   841   871   901   931
               961   991  1044  1051  1081  1111  1141  1171
              1201  1231  1261  1291  1321  1351  1381  1411
iipe( 18) =     30    30    30    30    30     6     0    16
                30    30    30    30    30    30    30    30
                30    30    30    30    30    30    30    30
                30    30    30    30    30    30    30    30
                30     3     7    30    30    30    30    30
                30    30    30    30    30    30    30    30
ispt( 19) =      1    31    61    91   121   151     0     0
               241   271   301   331   361   391   421   451
               481     0   566   571   601   631   661   691
               721   751   781   811   841   871     0     0
                 0     0  1043  1051  1081  1111  1141  1171
              1201  1231  1261  1291  1321  1351  1381  1411
iipe( 19) =     30    30    30    30    30    10     0     0
                30    30    30    30    30    30    30    30
                30     0     5    30    30    30    30    30
                30    30    30    30    30    30     0     0
                 0     0     8    30    30    30    30    30
                30    30    30    30    30    30    30    30
ispt( 20) =      1    31    61    91   121   151     0     0
               256   271   301   331   361   391   421   451
               481     0     0   579   601   631   661   691
               721   751   781   811   841   871   901   931
                 0  1000  1024  1051  1081  1111  1141  1171
              1201  1231  1261  1291  1321  1351  1381  1411
iipe( 20) =     30    30    30    30    30    11     0     0
                15    30    30    30    30    30    30    30
                19     0     0    22    30    30    30    30
                30    30    30    30    30    30    30     5
                 0     5    27    30    30    30    30    30
                30    30    30    30    30    30    30    30
ispt( 21) =      1    31    61    91   121   151     0     0
                 0   282   301   331   361   391   421   451
               481     0     0   587   601   631   661   691
               721   751   781   811   841   871   901   931
               961   991  1021  1051  1081  1111  1141  1171
              1201  1231  1261  1291  1321  1351  1381  1411
iipe( 21) =     30    30    30    30    30     9     0     0
                 0    19    30    30    30    30    30    30
                16     0     0    14    30    30    30    30
                30    30    30    30    30    30    30    30
                30    30    30    30    30    30    30    30
                30    30    30    30    30    30    30    30
ispt( 22) =      1    31    61    91   121     0     0     0
                 0   288   301   331   361   391   421   451
               481     0     0   595   601   631   661   691
               721   751   781   811   841   871   901   931
               961   991  1021  1051  1081  1111  1141  1171
              1201  1231  1261  1291  1321  1351  1381  1411
iipe( 22) =     30    30    30    30    14     0     0     0
                 0    13    30    30    30    30    30    30
                16     0     0     6    30    30    30    30
                30    30    30    30    30    30    30    30
                30    30    30    30    30    30    30    30
                30    30    30    30    30    30    30    30
ispt( 23) =      1    31    61    91   121     0     0   238
               241   271   301   331   361   391   421   451
               481     0     0   595   601   631   661   691
               721   751   781   811   841   871   901   931
               961   991  1021  1051  1081  1111  1141  1171
              1201  1231  1261  1291  1321  1351  1381  1411
iipe( 23) =     30    30    30    30     3     0     0     3
                30    30    30    30    30    30    30    30
                11     0     0     6    30    30    30    30
                30    30    30    30    30    30    30    30
                30    30    30    30    30    30    30    30
                30    30    30    30    30    30    30    30
ispt( 24) =      1    31    61    91   121     0   207   211
               241   271   301   331   361   391   421   451
                 0     0     0     0   610   631   661   691
               721   751   781   811   841   871   901   931
               961   991  1021  1051  1081  1111  1141  1171
              1201  1231  1261  1291  1321  1351  1381  1411
iipe( 24) =     30    30    30    30    12     0     4    30
                30    30    30    30    30    30    30    30
                 0     0     0     0    21    30    30    30
                30    30    30    30    30    30    30    30
                30    30    30    30    30    30    30    30
                30    30    30    30    30    30    30    30
ispt( 25) =      1    31    61    91   121   151   181   211
               241   271   301   331   361   391   441   451
                 0     0     0     0   612   631   661   691
               721   751   781   811   841   871   901   931
               961   991  1021  1051  1081  1111  1141  1171
              1201  1231  1261  1291  1321  1351  1381  1411
iipe( 25) =     30    30    30    30    30    30    30    30
                30    30    30    30    30    11    10    11
                 0     0     0     0    19    30    30    30
                30    30    30    30    30    30    30    30
                30    30    30    30    30    30    30    30
                30    30    30    30    30    30    30    30
ispt( 26) =      1    31    61    91   121   151   181   211
               241   271   301   331   361     0     0     0
                 0     0     0   592   601   631   661   691
               721   759   781   811   841   871   901   931
               961   991  1021  1051  1081  1111  1141  1171
              1201  1231  1261  1291  1321  1351  1381  1411
iipe( 26) =     30    30    30    30    30    30    30    30
                30    30    30    30    19     0     0     0
                 0     0     0     9    30    30    30    30
                23    22    30    30    30    30    30    30
                30    30    30    30    30    30    30    30
                30    30    30    30    30    30    30    30
ispt( 27) =      1    31    61    91   121   151   181   211
               241   271   301   331   361     0     0     0
                 0     0     0   583   601     0   661   691
               721   772   781   811   863   871   901   931
               961   991  1021  1051  1081  1111  1141  1171
              1201  1231  1261  1291  1321  1351  1381  1411
iipe( 27) =     30    30    30    30    30    30    30    30
                30    30    30    30    19     0     0     0
                 0     0     0    18    10     0    30    30
                14     9    30     9     8    30    30    30
                30    30    30    30    30    30    30    30
                30    30    30    30    30    30    30    30
ispt( 28) =      1    49    61    91   121   151   181   211
               241   271   301   331   361   391     0     0
                 0     0   568   571     0   631   661   691
               721     0     0     0     0     0   906   931
               961   991  1021  1051  1081  1111  1141  1171
              1201  1231  1261  1291  1321  1351  1381  1411
iipe( 28) =     16    12    30    30    30    30    30    30
                30    30    30    30    30    11     0     0
                 0     0     3    26     0    30    30    30
                 3     0     0     0     0     0    25    30
                30    30    30    30    30    30    30    30
                30    30    30    30    30    30    30    30
ispt( 29) =      0    54    61    91   121   151   181   211
               241   271   301   331   361   391     0   478
               481   511   541   571     0   631     0     0
                 0     0     0     0     0     0   919   931
               961   991  1021  1051  1081  1111  1141  1171
              1201  1231  1261  1291  1321  1351  1381  1411
iipe( 29) =      0     7    30    30    30    30    30    30
                30    30    30    30    30    25     0     3
                30    30    30    14     0    15     0     0
                 0     0     0     0     0     0    12    30
                30    30    30    30    30    30    30    30
                30    30    30    30    30    30    30    24
ispt( 30) =      0     0     0     0   124   151   181   211
               241   271   301   331   361   391   421   451
               481   511   541   571     0     0     0     0
                 0     0     0     0     0     0   911   931
               961   991  1021  1051  1081  1111  1141  1171
              1201  1231  1261  1291  1321  1351  1381     0
iipe( 30) =      0     0     0     0    27    30    30    30
                30    30    30    30    30    30    30    30
                30    30    30    15     0     0     0     0
                 0     0     0     0     0     0    20    30
                30    30    30    30    30    30    30    30
                30    30    30    30    30    30    30     0
ispt( 31) =      0     0     0     0   136   151   181   211
               241   271   301   331   361   391   421   451
               481   511   541   571   601     0     0     0
                 0     0     0     0     0     0   911   931
               961   991  1021  1051  1081  1111  1141  1171
              1201  1231  1261  1291  1321  1351  1381     0
iipe( 31) =      0     0     0     0    15    30    30    30
                30    30    30    30    30    30    30    30
                30    30    30    30     8     0     0     0
                 0     0     0     0     0     0    20    30
                30    30    30    30    30    30    30    30
                30    30    30    30    30    30     8     0
ispt( 32) =      0     0     0     0     0   157   181   211
               241   271   301   331   361   391   421   451
               481     0   552   571   601     0     0     0
                 0     0     0     0     0     0     0     0
               966   991  1021  1051  1081  1111  1141  1171
              1201  1231  1261  1291  1321  1351  1381     0
iipe( 32) =      0     0     0     0     0    24    30    30
                30    30    30    30    30    30    30    30
                30     0    19    30     5     0     0     0
                 0     0     0     0     0     0     0     0
                25    30    30    30    30    30    30    30
                30    30    30    30    30    30     5     0
ispt( 33) =      0     0     0     0     0   162   181   211
               241   271   301   331   361   391   421   451
                 0     0     0     0     0     0     0     0
                 0     0     0     0     0     0     0     0
                 0   996  1021  1051  1081  1111  1141  1171
              1201  1231  1261  1291  1321  1351  1381     0
iipe( 33) =      0     0     0     0     0    19    30    30
                30    30    30    30    30    30    30     5
                 0     0     0     0     0     0     0     0
                 0     0     0     0     0     0     0     0
                 0    25    30    30    30    30    30    30
                30    30    30    30    30    30    10     0
ispt( 34) =      0     0     0   112   121     0   205   211
               241   271   301   331   361   391   421   451
               481   511     0     0     0     0     0     0
                 0     0     0     0     0     0     0     0
               983   991  1021  1051  1081  1111  1141  1171
              1201  1231  1261  1291  1321  1351  1381     0
iipe( 34) =      0     0     0     9     7     0     6    30
                30    30    30    30    30    30    30    30
                30     9     0     0     0     0     0     0
                 0     0     0     0     0     0     0     0
                 8    30    30    30    30    30    30    30
                30    30    30    30    30    30     3     0
ispt( 35) =      0     0     0    91   121     0   198   211
               241   271   301   331   361   391   421   451
               481   511     0     0     0     0     0     0
                 0     0     0     0     0     0     0     0
               983   991  1021  1051  1081  1111  1141  1171
              1201  1231  1261  1291  1321  1351     0     0
iipe( 35) =      0     0     0    30    18     0    13    30
                30    30    30    30    30    30    30    30
                30    25     0     0     0     0     0     0
                 0     0     0     0     0     0     0     0
                 8    30    30    30    30    30    30    30
                30    30    30    30    30    12     0     0
ispt( 36) =      0     0    73    91   121   168   181   211
               241   271   301   331   361   391   421   451
               481   511   541     0     0     0     0     0
                 0     0     0     0     0     0     0     0
                 0  1004  1021  1051  1081  1111  1141  1171
              1201  1231  1261  1291  1321  1351     0     0
iipe( 36) =      0     0    18    30    18    13    30    30
                30    30    30    30    30    30    30    30
                30    30     7     0     0     0     0     0
                 0     0     0     0     0     0     0     0
                 0    17    30    30    30    30    30    30
                30    30    30    30    30     3     0     0
ispt( 37) =      0     0    65    91   121   163   181   211
               241   274   301   331   361   391   421   451
               501   511   541     0     0     0     0     0
                 0     0     0     0     0     0     0     0
                 0     0     0  1068  1081  1129  1141  1171
              1201  1258  1261  1291  1321     0     0     0
iipe( 37) =      0     0    26    30    18    18    30    30
                20    27    30    30    30    30    30    20
                10    30    14     0     0     0     0     0
                 0     0     0     0     0     0     0     0
                 0     0     0    13    19    12    30    30
                26     3    30    30    23     0     0     0
ispt( 38) =      0     0    65    91   121   151   181   211
               241   284   301   331   361   391   421   451
               502   511     0     0     0     0     0     0
                 0     0     0     0     0     0     0     0
                 0     0     0     0     0  1138  1141  1171
              1201     0     0     0     0     0     0     0
iipe( 38) =      0     0    26    30    30    30    30    30
                 5    17    30    30    30    30    30    27
                 9    13     0     0     0     0     0     0
                 0     0     0     0     0     0     0     0
                 0     0     0     0     0     3    30    30
                26     0     0     0     0     0     0     0
ispt( 39) =      0     0    67    91   121   151   188   211
               241     0   312   331   361   391   421   451
               481   511   558   571     0     0     0     0
                 0     0     0     0     0     0     0     0
                 0     0     0  1078  1081  1111  1141  1171
              1201     0     0     0     0     0     0     0
iipe( 39) =      0     0    24    30    30    17    23    30
                17     0    19    30    30    30    30    30
                30    15    13     6     0     0     0     0
                 0     0     0     0     0     0     0     0
                 0     0     0     3    30    30    30    30
                20     0     0     0     0     0     0     0
ispt( 40) =      0     0    74    91   121   151   181   211
               241     0     0   339   361   391   421   451
               481     0   541   571     0     0     0     0
                 0     0     0     0     0     0     0     0
               986   991  1021  1051  1081  1111  1141  1171
              1201     0     0     0     0     0     0     0
iipe( 40) =      0     0    17    30    30    30    30    30
                23     0     0    22    30    30    30    30
                11     0    30    11     0     0     0     0
                 0     0     0     0     0     0     0     0
                 5    30    30    30    30    30    30    30
                 4     0     0     0     0     0     0     0
ispt( 41) =      0     0     0    91   121   151   181   211
               241     0     0   345   361   391   421   451
               481   511   541   571     0     0     0     0
                 0     0     0     0     0     0     0     0
               975   991  1021  1051  1081  1111  1141  1171
              1201  1231     0     0     0     0     0     0
iipe( 41) =      0     0     0    30    30    30    30    30
                23     0     0    16    30    30    30    30
                30    30    30    18     0     0     0     0
                 0     0     0     0     0     0     0     0
                16    30    30    30    30    30    30    30
                30     8     0     0     0     0     0     0
ispt( 42) =      0     0     0   110   121   151   181   211
               241     0     0   357   361   391   421   451
               481   511   541   571     0     0     0     0
                 0     0     0     0     0     0     0   952
               961   991  1021  1051  1081  1111  1141  1171
              1201  1231  1261  1291     0     0     0     0
iipe( 42) =      0     0     0    11    30    30    30    30
                24     0     0     4    30    30    30    30
                30    30    30    26     0     0     0     0
                 0     0     0     0     0     0     0     9
                30    30    30    30    30    30    30    30
                30    30    30     3     0     0     0     0
ispt( 43) =      0     0     0     0   128   151   181   211
               241     0     0   357   361   391   421   451
               481   511   541   571     0     0     0     0
                 0     0     0     0     0     0     0   931
               961   991  1021  1051  1081  1111  1141  1171
              1201  1231  1261  1291     0     0     0     0
iipe( 43) =      0     0     0     0    23    30    30    30
                24     0     0     4    30    30    30    30
                30    30    30    25     0     0     0     0
                 0     0     0     0     0     0     0    30
                30    30    30    30    30    30    30    30
                30    30    30     4     0     0     0     0
ispt( 44) =      0     0     0   103   121   151   181   211
               241     0     0   346   361   391   421   451
               481   511   541   571   601     0     0     0
                 0     0     0     0     0     0     0   958
               961   991  1021  1051  1081  1111  1141  1171
              1201  1231  1261  1291     0     0     0     0
iipe( 44) =      0     0     0    18    30    30    30    30
                20     0     0    15    30    30    30    30
                30    30    30    30     6     0     0     0
                 0     0     0     0     0     0     0     3
                30    30    30    30    30    30    30    30
                30    30    30    21     0     0     0     0
ispt( 45) =      0     0     0    99   121   151   181   211
               241   271   301   331   361   391   421   451
               481   511   541   571   601     0     0     0
                 0     0     0     0   854     0   925   931
               961   991  1021  1051  1081  1111  1141  1171
              1201  1231  1261  1291     0     0     0     0
iipe( 45) =      0     0     0    22    30    30    30    30
                30    30    30    30    30    30    30    30
                30    30    30    30    15     0     0     0
                 0     0     0     0     9     0     6    30
                30    30    30    30    30    30    30    30
                30    30    30    27     0     0     0     0
ispt( 46) =      0     0     0    94   121   151   181   211
               241   271   301   331   361   391   421   451
               481   511   541   571   601     0     0     0
                 0     0     0   811   854   871   901   931
               961   991  1021  1051  1081  1111  1141  1171
              1201  1231  1261  1291  1321     0     0     0
iipe( 46) =      0     0     0    27    30    30    30    30
                30    30    30    30    30    30    30    30
                30    30    30    30    15     0     0     0
                 0     0     0    19    17    30    30    30
                30    30    30    30    30    30    30    30
                30    30    30    30    14     0     0     0
ispt( 47) =      0     0     0    91   121   151   181   211
               241   271   301   331   361   391   421   451
               481   511   541   571   601     0     0     0
                 0     0   788   811   841   871   901   931
               961   991  1021  1051  1081  1111  1141  1171
              1201  1231  1261  1291  1321  1351     0     0
iipe( 47) =      0     0     0    30    30    30    30    30
                30    30    30    30    30    30    30    30
                30    30    30    30    18     0     0     0
                 0     0    23    30    30    30    30    30
                30    30    30    30    30    30    30    30
                30    30    30    30    30     4     0     0
ispt( 48) =      0     0    61    91   121   151   181   211
               241   271   301   331   361   391   421   451
               481   511   541   571   601   631     0     0
                 0     0   781   811   841   871   901   931
               961   991  1021  1051  1081  1111  1141  1171
              1201  1231  1261  1291  1321  1351     0     0
iipe( 48) =      0     0    30    30    30    30    30    30
                30    30    30    30    30    30    30    30
                30    30    30    30    30    30     0     0
                 0     0    30    30    30    30    30    30
                30    30    30    30    30    30    30    30
                30    30    30    30    30    30     0     0
 
jspt(  1) =      1    25    49    73    97   121   145   169
               193   217   241   265   289   313   337   361
               385   409   433   457   481   505   529   553
               578   602   626   650   674   698   722   746
               770   794   818   842   866   890   914   938
               962   986  1010  1034  1058  1082  1106  1130
jjpe(  1) =     24    24    24    24    24    24    24    24
                24    24    24    24    24    24    24    24
                24    24    24    24    24    24    24    25
                24    24    24    24    24    24    24    24
                24    24    24    24    24    24    24    24
                24    24    24    24    24    24    24    24
