  npes   npe   mpe   idm   jdm  ibig  jbig  nreg  minsea  maxsea  avesea
    64     4    16    64   128    16     8     1     112     128     126

ispt(  1) =     1   17   33   49
iipe(  1) =    16   16   16   16
ispt(  2) =     1   17   33   49
iipe(  2) =    16   16   16   16
ispt(  3) =     1   17   33   49
iipe(  3) =    16   16   16   16
ispt(  4) =     1   17   33   49
iipe(  4) =    16   16   16   16
ispt(  5) =     1   17   33   49
iipe(  5) =    16   16   16   16
ispt(  6) =     1   17   33   49
iipe(  6) =    16   16   16   16
ispt(  7) =     1   17   33   49
iipe(  7) =    16   16   16   16
ispt(  8) =     1   17   33   49
iipe(  8) =    16   16   16   16
ispt(  9) =     1   17   33   49
iipe(  9) =    16   16   16   16
ispt( 10) =     1   17   33   49
iipe( 10) =    16   16   16   16
ispt( 11) =     1   17   33   49
iipe( 11) =    16   16   16   16
ispt( 12) =     1   17   33   49
iipe( 12) =    16   16   16   16
ispt( 13) =     1   17   33   49
iipe( 13) =    16   16   16   16
ispt( 14) =     1   17   33   49
iipe( 14) =    16   16   16   16
ispt( 15) =     1   17   33   49
iipe( 15) =    16   16   16   16
ispt( 16) =     1   17   33   49
iipe( 16) =    16   16   16   16


jspt(  1) =     1    9   17   25   33   41   49   57
               65   73   81   89   97  105  113  121
jjpe(  1) =     8    8    8    8    8    8    8    8
                8    8    8    8    8    8    8    8
