  npes   npe   mpe   idm   jdm  ibig  jbig  nreg  minsea  maxsea  avesea
   256    16    16   208   512    13    32     1     403     416     414

ispt(  1) =     1   14   27   40   53   66   79   92
              105  118  131  144  157  170  183  196
iipe(  1) =    13   13   13   13   13   13   13   13
               13   13   13   13   13   13   13   13
ispt(  2) =     1   14   27   40   53   66   79   92
              105  118  131  144  157  170  183  196
iipe(  2) =    13   13   13   13   13   13   13   13
               13   13   13   13   13   13   13   13
ispt(  3) =     1   14   27   40   53   66   79   92
              105  118  131  144  157  170  183  196
iipe(  3) =    13   13   13   13   13   13   13   13
               13   13   13   13   13   13   13   13
ispt(  4) =     1   14   27   40   53   66   79   92
              105  118  131  144  157  170  183  196
iipe(  4) =    13   13   13   13   13   13   13   13
               13   13   13   13   13   13   13   13
ispt(  5) =     1   14   27   40   53   66   79   92
              105  118  131  144  157  170  183  196
iipe(  5) =    13   13   13   13   13   13   13   13
               13   13   13   13   13   13   13   13
ispt(  6) =     1   14   27   40   53   66   79   92
              105  118  131  144  157  170  183  196
iipe(  6) =    13   13   13   13   13   13   13   13
               13   13   13   13   13   13   13   13
ispt(  7) =     1   14   27   40   53   66   79   92
              105  118  131  144  157  170  183  196
iipe(  7) =    13   13   13   13   13   13   13   13
               13   13   13   13   13   13   13   13
ispt(  8) =     1   14   27   40   53   66   79   92
              105  118  131  144  157  170  183  196
iipe(  8) =    13   13   13   13   13   13   13   13
               13   13   13   13   13   13   13   13
ispt(  9) =     1   14   27   40   53   66   79   92
              105  118  131  144  157  170  183  196
iipe(  9) =    13   13   13   13   13   13   13   13
               13   13   13   13   13   13   13   13
ispt( 10) =     1   14   27   40   53   66   79   92
              105  118  131  144  157  170  183  196
iipe( 10) =    13   13   13   13   13   13   13   13
               13   13   13   13   13   13   13   13
ispt( 11) =     1   14   27   40   53   66   79   92
              105  118  131  144  157  170  183  196
iipe( 11) =    13   13   13   13   13   13   13   13
               13   13   13   13   13   13   13   13
ispt( 12) =     1   14   27   40   53   66   79   92
              105  118  131  144  157  170  183  196
iipe( 12) =    13   13   13   13   13   13   13   13
               13   13   13   13   13   13   13   13
ispt( 13) =     1   14   27   40   53   66   79   92
              105  118  131  144  157  170  183  196
iipe( 13) =    13   13   13   13   13   13   13   13
               13   13   13   13   13   13   13   13
ispt( 14) =     1   14   27   40   53   66   79   92
              105  118  131  144  157  170  183  196
iipe( 14) =    13   13   13   13   13   13   13   13
               13   13   13   13   13   13   13   13
ispt( 15) =     1   14   27   40   53   66   79   92
              105  118  131  144  157  170  183  196
iipe( 15) =    13   13   13   13   13   13   13   13
               13   13   13   13   13   13   13   13
ispt( 16) =     1   14   27   40   53   66   79   92
              105  118  131  144  157  170  183  196
iipe( 16) =    13   13   13   13   13   13   13   13
               13   13   13   13   13   13   13   13


jspt(  1) =     1   33   65   97  129  161  193  225
              257  289  321  353  385  417  449  481
jjpe(  1) =    32   32   32   32   32   32   32   32
               32   32   32   32   32   32   32   32
