  npes   npe   mpe   idm   jdm  ibig  jbig  nreg  minsea  maxsea  avesea
  1625    36    64  2880  2165    80    34     2       0    2720    2257

ispt(  1) =      0     0     0     0   366   401     0     0
                 0     0     0     0     0     0     0     0
                 0     0     0     0     0     0     0     0
                 0     0     0  2177  2241  2321     0     0
                 0     0     0     0
iipe(  1) =      0     0     0     0    35    36     0     0
                 0     0     0     0     0     0     0     0
                 0     0     0     0     0     0     0     0
                 0     0     0    64    80     3     0     0
                 0     0     0     0
ispt(  2) =      0     0     0   316   321   401     0     0
                 0     0     0     0     0     0     0     0
                 0     0     0     0     0     0     0     0
                 0  2026  2081  2161  2241  2321     0     0
                 0     0     0     0
iipe(  2) =      0     0     0     5    80    57     0     0
                 0     0     0     0     0     0     0     0
                 0     0     0     0     0     0     0     0
                 0    55    80    80    80    71     0     0
                 0     0     0     0
ispt(  3) =      0     0     0   283   321   401   481     0
                 0     0     0     0     0     0     0     0
                 0     0     0     0     0     0     0     0
                 0  2019  2081  2161  2241  2321  2401     0
                 0     0     0     0
iipe(  3) =      0     0     0    38    80    80    19     0
                 0     0     0     0     0     0     0     0
                 0     0     0     0     0     0     0     0
                 0    62    80    80    80    80    11     0
                 0     0     0     0
ispt(  4) =      0     0   238   241   321   401   481     0
                 0     0     0     0     0     0     0     0
                 0     0     0     0     0     0     0     0
                 0  2019  2081  2161  2241  2321  2401  2481
                 0     0     0     0
iipe(  4) =      0     0     3    80    80    80    38     0
                 0     0     0     0     0     0     0     0
                 0     0     0     0     0     0     0     0
                 0    62    80    80    80    80    80     3
                 0     0     0     0
ispt(  5) =      0     0   223   241   321   401   481     0
                 0     0     0     0     0     0     0     0
                 0     0     0     0     0     0     0     0
                 0  2021  2081  2161  2241  2321  2401  2481
              2561  2678  2721     0
iipe(  5) =      0     0    18    80    80    80    65     0
                 0     0     0     0     0     0     0     0
                 0     0     0     0     0     0     0     0
                 0    60    80    80    80    80    80    80
                19    43    72     0
ispt(  6) =     21    81   231   241   321   401   481   561
                 0     0     0     0     0     0     0     0
                 0     0     0     0     0     0     0     0
                 0  2039  2081  2161  2241  2321  2401  2481
              2561  2641  2721     0
iipe(  6) =     60    68    10    80    80    80    80     3
                 0     0     0     0     0     0     0     0
                 0     0     0     0     0     0     0     0
                 0    42    80    80    80    80    80    80
                80    80    70     0
ispt(  7) =      1    81   237   241   321   401   481   561
                 0     0     0     0     0     0     0     0
                 0     0     0     0     0     0     0     0
                 0  2074  2081  2161  2241  2321  2401  2481
              2561  2641  2721  2801
iipe(  7) =     80    68     4    80    80    80    80    65
                 0     0     0     0     0     0     0     0
                 0     0     0     0     0     0     0     0
                 0     7    80    80    80    80    80    80
                80    80    80    80
ispt(  8) =      1    81   234   241   321   401   481   561
               641     0     0     0     0     0     0     0
                 0     0     0     0     0     0     0     0
                 0  2009  2081  2161  2241  2321  2401  2481
              2561  2641  2721  2801
iipe(  8) =     80    61     7    80    80    80    80    80
                60     0     0     0     0     0     0     0
                 0     0     0     0     0     0     0     0
                 0    72    80    80    80    80    80    80
                80    80    80    80
ispt(  9) =      1    81   161   241   321   401   481   561
               641   721   801   881   961  1041     0     0
              1301     0     0     0     0     0     0     0
              1961  2001  2081  2161  2241  2321  2401  2481
              2561  2641  2721  2801
iipe(  9) =     80    80    80    80    80    80    80    80
                80    80    80    80    80     3     0     0
                44     0     0     0     0     0     0     0
                40    80    80    80    80    80    80    80
                80    80    80    80
ispt( 10) =      1    81   161   241   321   401   481   561
               641   721   801   881   961  1041  1124  1201
              1281  1361     0     0     0     0     0  1877
              1921  2001  2081  2161  2241  2321  2401  2481
              2561  2641  2721  2801
iipe( 10) =     80    80    80    80    80    80    80    80
                80    80    80    80    80    74    77    80
                80    29     0     0     0     0     0    44
                80    80    80    80    80    80    80    80
                80    80    80    80
ispt( 11) =      1    81   161   241   321   401   481   561
               641   721   801   881   961  1041  1121  1201
              1281  1361  1441  1521  1601  1681  1761  1841
              1921  2001  2081  2161  2241  2321  2401  2481
              2561  2641  2721  2801
iipe( 11) =     80    80    80    80    80    80    80    80
                80    80    80    80    80    80    80    80
                80    80    80    80    80    80    80    80
                80    80    80    80    80    80    80    80
                80    80    80    80
ispt( 12) =      1    81   161   241   321   401   481   561
               641   721   801   881   961  1041  1121  1201
              1281  1361  1441  1521  1601  1681  1761  1841
              1921  2001  2081  2161  2241  2321  2401  2481
              2561  2641  2721  2801
iipe( 12) =     80    80    80    80    80    80    80    80
                80    80    80    80    80    80    80    80
                80    80    80    80    80    80    80    80
                80    80    80    80    80    80    80    80
                80    80    80    80
ispt( 13) =      1    81   161   241   321   401   481   561
               641   721   801   881   961  1041  1121  1201
              1281  1361  1441  1521  1601  1681  1761  1841
              1921  2001  2081  2161  2241  2321  2401  2481
              2561  2641  2721  2801
iipe( 13) =     80    80    80    80    80    80    80    80
                80    80    80    80    80    80    80    80
                80    80    80    80    80    80    80    80
                80    80    80    80    80    80    80    80
                80    80    80    80
ispt( 14) =      1    81   161   241   321   401   481   561
               641   721   801   881   961  1041  1121  1201
              1281  1361  1441  1521  1601  1681  1761  1841
              1921  2001  2081  2161  2241  2321  2401  2481
              2561  2641  2721  2801
iipe( 14) =     80    80    80    80    80    80    80    80
                80    80    80    80    80    80    80    80
                80    80    80    80    80    80    80    80
                80    80    80    80    80    80    80    80
                80    80    80    80
ispt( 15) =      1    81   161   241   321   401   481   561
               641   721   801   881   961  1041  1121  1201
              1281  1361  1441  1521  1601  1681  1761  1841
              1921  2001  2081  2161  2241  2321  2401  2481
              2561  2641  2721  2801
iipe( 15) =     80    80    80    80    80    80    80    80
                80    80    80    80    80    80    80    80
                80    80    80    80    80    80    80    80
                80    80    80    80    80    80    80    80
                80    80    80    80
ispt( 16) =      1    81   161   241   321   401   481   561
               641   721   801   881   961  1041  1121  1201
              1281  1361  1441  1521  1601  1681  1761  1841
              1921  2001  2081  2161  2241  2321  2401  2481
              2561  2641  2721  2801
iipe( 16) =     80    80    80    80    80    80    80    80
                80    80    80    80    80    80    80    80
                80    80    80    80    80    80    80    80
                80    80    80    80    80    80    80    80
                80    80    80    80
ispt( 17) =      1    81   161   241   321   401   481   561
               641   721   801   881   961  1041  1121  1201
              1281  1361  1441  1521  1601  1681  1761  1841
              1921  2001  2081  2161  2241  2321  2401  2481
              2561  2641  2721  2801
iipe( 17) =     80    80    80    80    80    80    80    80
                80    80    80    80    80    80    80    80
                80    80    80    80    80    80    80    80
                80    80    80    80    80    80    80    80
                80    80    80    80
ispt( 18) =      1    81   161   241   321   401   481   561
               641   721   801   881   961  1041  1121  1201
              1281  1361  1441  1521  1601  1681  1761  1841
              1921  2001  2081  2161  2241  2321  2401  2481
              2561  2641  2721  2801
iipe( 18) =     80    80    80    80    80    80    80    80
                80    80    80    80    80    80    80    80
                80    80    80    80    80    80    80    80
                80    80    80    80    80    80    80    80
                80    80    80    80
ispt( 19) =      1    81   170   241   321   401   481   561
               641   721   801   881   961  1041  1121  1201
              1281  1361  1441  1521  1601  1681  1761  1841
              1921  2001  2081  2161  2241  2321  2401  2481
              2561  2641  2721  2801
iipe( 19) =     80    47    71    80    80    80    80    80
                80    80    80    80    80    80    80    80
                80    80    80    80    80    80    80    80
                80    80    80    80    80    80    80    80
                80    80    80    80
ispt( 20) =      1    81   179   241   321   401   481   561
               641   721   801   881   961  1041  1121  1201
              1281  1361  1441  1521  1601  1681  1761  1841
              1921  2001  2081  2161  2241  2321  2401  2481
              2561  2641  2721  2801
iipe( 20) =     80    55    62    80    80    80    80    80
                80    80    80    80    80    80    80    80
                80    80    80    80    80    80    80    80
                80    80    80    80    80    80    80    80
                80    80    80    80
ispt( 21) =      1    81   197   241   321   401   481   561
               641   721   801   881   961  1041  1121  1201
              1281  1361  1441  1521  1601  1681  1761  1841
              1921  2001  2081  2161  2241  2321  2401  2481
              2561  2641  2721  2801
iipe( 21) =     80    60    44    80    80    80    80    80
                80    80    80    80    80    80    80    80
                80    80    80    80    80    80    80    80
                80    80    80    80    80    80    80    80
                80    80    80    80
ispt( 22) =      1    81   199   241   321   401   481   561
               641   721   801   881   961  1041  1121  1201
              1281  1361  1441  1521  1601  1681  1761  1841
              1921  2001  2081  2161  2241  2321  2401  2481
              2561  2641  2721  2801
iipe( 22) =     80    58    42    80    80    80    80    80
                80    80    80    80    80    80    80    80
                80    80    80    80    80    80    80    80
                80    80    80    80    80    80    80    80
                80    80    80    80
ispt( 23) =      1    81     0   252   321   401   481   561
               641   721   801   881   961  1041  1121  1201
              1281  1361  1441  1521  1601  1681  1761  1841
              1921  2001  2081  2161  2241  2321  2401  2481
              2561  2641  2721  2801
iipe( 23) =     80    65     0    69    80    80    80    80
                80    80    80    80    80    80    80    80
                80    80    80    80    80    80    80    80
                80    80    80    80    80    80    80    80
                80    80    80    80
ispt( 24) =      1    81     0   252   321   401   481   561
               641   721   801   881   961  1041  1121  1201
              1281  1361  1441  1521  1601  1681  1761     0
              1926  2001  2081  2161  2241  2321  2401  2481
              2561  2641  2721  2801
iipe( 24) =     80    69     0    69    80    80    80    80
                80    80    80    80    80    80    80    80
                80    80    80    80    80    80    69     0
                75    80    80    80    80    80    80    80
                80    80    80    80
ispt( 25) =      1    81     0   307   321   401   481   561
               641   721   801     0   961  1041  1121  1201
              1281  1361  1441  1521  1601     0     0     0
              1944  2001  2081  2161  2241  2321  2401  2481
              2561  2641  2721  2801
iipe( 25) =     80    74     0    14    80    80    80    80
                80    80    63     0    80    80    80    80
                80    80    80    80    44     0     0     0
                57    80    80    80    80    80    80    80
                80    80    80    80
ispt( 26) =      1    81     0     0   331   401   481   561
               641   721   801     0   981  1041  1121  1201
              1281  1361  1441  1521  1601     0     0     0
              1926  2001  2081  2161  2241  2321  2401  2481
              2561  2641  2721  2801
iipe( 26) =     80    80     0     0    70    80    80    80
                80    80    45     0    60    80    80    80
                80    80    80    80    35     0     0     0
                75    80    80    80    80    80    80    80
                80    80    80    80
ispt( 27) =      1    81     0     0   354   401   481   561
               641   721   801     0   998  1041  1121  1201
              1281  1361  1441  1521  1601  1681     0  1893
              1921  2001  2081  2161  2241  2321  2401  2481
              2561  2641  2721  2801
iipe( 27) =     80    80     0     0    47    80    80    80
                80    80    38     0    43    80    80    80
                80    80    80    80    80    12     0    28
                80    80    80    80    80    80    80    80
                80    80    80    80
ispt( 28) =      1    81     0     0   398   401   481   561
               641   721   801     0  1000  1041  1121  1201
              1281  1361  1441  1521  1601  1681  1761  1841
              1921  2001  2081  2161  2241  2321  2401  2481
              2561  2641  2721  2801
iipe( 28) =     80    80     0     0     3    80    80    80
                80    80    24     0    41    80    80    80
                80    80    80    80    80    80    80    80
                80    80    80    80    80    80    80    80
                80    80    80    80
ispt( 29) =      1    81     0     0     0   408   481   561
               641   721   801     0     0  1041  1121  1201
              1281  1361  1441  1521  1601  1681  1761  1841
              1921  2001  2081  2161  2241  2321  2401  2481
              2561  2641  2721  2801
iipe( 29) =     80    45     0     0     0    73    80    80
                80    80    32     0     0    80    80    80
                80    80    80    80    80    80    80    80
                80    80    80    80    80    80    80    80
                80    80    80    80
ispt( 30) =      1    81     0     0     0   421   481   561
               641   721   801     0  1034  1041  1121  1201
              1281  1361  1441  1521  1601  1681  1761  1841
              1921  2001  2081  2161  2241  2321  2401  2481
              2561  2641  2721  2801
iipe( 30) =     80    23     0     0     0    60    80    80
                80    80    32     0     7    80    80    80
                80    80    80    80    80    80    80    80
                80    80    80    80    80    80    80    80
                80    80    80    80
ispt( 31) =      1    81     0     0   363   401   481   561
               641   721   801     0  1030  1041  1121  1201
              1281  1361  1441  1521  1601  1681  1761  1841
              1921  2001  2081  2161  2241  2321  2401  2481
              2561  2641  2721  2801
iipe( 31) =     80     4     0     0    38    80    80    80
                80    80    24     0    11    80    80    80
                80    80    80    80    80    80    80    80
                80    80    80    80    80    80    80    80
                80    80    80    80
ispt( 32) =      1    81     0   318   321   401   481   561
               641   721   801     0     0  1041  1121  1201
              1281  1361  1441  1521  1601  1681  1761  1841
              1921  2001  2081  2161  2241  2321  2401  2481
              2561  2641  2721  2801
iipe( 32) =     80    11     0     3    80    80    80    80
                80    80     5     0     0    80    80    80
                80    80    80    80    80    80    80    80
                80    80    80    80    80    80    80    80
                80    80    80    80
ispt( 33) =      1    81     0   265   321   401   481   561
               641   721     0     0     0  1072  1121  1201
              1281  1361  1441  1521  1601  1681  1761  1841
              1921  2001  2081  2161  2241  2321  2401  2481
              2561  2641  2721  2801
iipe( 33) =     80    23     0    56    80    80    80    80
                80    80     0     0     0    49    80    80
                80    80    80    80    80    80    80    80
                80    80    80    80    80    80    80    80
                80    80    80    80
ispt( 34) =      1    81   195   241   321   401   481   561
               641   721     0     0     0  1108  1121  1201
              1281  1361  1441  1521  1601  1681  1761  1841
              1921  2001  2081  2161  2241  2321  2401  2481
              2561  2641  2721  2801
iipe( 34) =     80    73    46    80    80    80    80    80
                80    44     0     0     0    13    80    80
                80    80    80    80    80    80    80    80
                80    80    80    80    80    80    80    80
                80    80    80    80
ispt( 35) =      1    81   161   241   321   401   481   561
                 0     0     0     0     0  1052  1121  1201
              1281  1361  1441  1521  1601  1681  1761  1841
              1921  2001  2081  2161  2241  2321  2401  2481
              2561  2641  2721  2801
iipe( 35) =     80    80    80    80    80    80    80    52
                 0     0     0     0     0    69    80    80
                80    80    80    80    80    80    80    80
                80    80    80    80    80    80    80    80
                80    80    80    80
ispt( 36) =      1    81   161   241   321   401   481   561
                 0     0     0     0  1025  1041  1121  1201
              1281  1361  1441  1569  1601  1681  1761  1841
              1921  2001  2081  2161  2241  2321  2401  2481
              2561  2641  2721  2801
iipe( 36) =     80    80    80    80    80    80    80    35
                 0     0     0     0    16    80    80    80
                80    80    67    32    80    80    80    80
                80    80    80    80    80    80    80    80
                80    80    80    80
ispt( 37) =      1    81   161   241   321   401   481   561
                 0     0     0     0  1012  1041  1164  1201
              1281  1387  1441  1565  1601  1681  1761  1841
              1921  2001  2081  2161  2241  2321  2401  2481
              2561  2641  2721  2818
iipe( 37) =     80    80    80    80    80    80    80    37
                 0     0     0     0    29    16    37    80
                26    54    37    36    80    80    80    80
                80    80    80    80    80    80    80    80
                80    80    67    63
ispt( 38) =      1    81   161   241   321   401   481   561
                 0     0     0     0   994     0  1121  1201
              1281  1424  1441     0  1616  1681  1761  1841
              1921  2001  2081  2161  2241  2321  2401  2481
              2561  2641  2721  2817
iipe( 38) =     80    80    80    80    80    80    80    46
                 0     0     0     0    41     0    80    80
                21    17    16     0    65    80    80    80
                80    80    80    80    80    80    80    80
                80    80    37    64
ispt( 39) =      1    81   161   241   321   401   481   561
               641     0     0     0   979  1103  1121     0
                 0     0     0     0  1677  1681  1761  1841
              1921  2001  2081  2161  2241  2321  2401  2481
              2561  2641  2721  2820
iipe( 39) =     80    80    80    80    80    80    80    80
                 3     0     0     0    39    18    76     0
                 0     0     0     0     4    80    80    80
                80    80    80    80    80    80    80    80
                80    80    11    61
ispt( 40) =      1    81   161   241   321   401   481   561
               641     0   808   881   961  1103  1121     0
                 0     0     0     0     0  1687  1761  1841
              1921  2001  2081  2161  2241  2321  2401  2481
              2561  2641     0  2834
iipe( 40) =     80    80    80    80    80    80    80    80
                20     0    73    80    41    18     8     0
                 0     0     0     0     0    74    80    80
                80    80    80    80    80    80    80    80
                80    65     0    47
ispt( 41) =     71    81   161   241   321   401   481   561
               641   721   801   881   961     0     0     0
                 0     0     0     0  1675  1681  1761  1841
              1921  2001  2081  2161  2241  2321  2401  2481
              2561  2641     0     0
iipe( 41) =     10    80    80    80    80    80    80    80
                80    80    80    80    47     0     0     0
                 0     0     0     0     6    80    80    80
                80    80    80    80    80    80    80    80
                80    26     0     0
ispt( 42) =      0    99   161   241   321   401   481   561
               641   721   801   881   961     0     0     0
                 0     0     0     0  1675  1681  1761  1841
              1921  2001  2081  2161  2241  2321  2401  2481
              2561     0     0     0
iipe( 42) =      0    62    80    80    80    80    80    80
                80    80    80    80    48     0     0     0
                 0     0     0     0     6    80    80    80
                80    80    80    80    80    80    80    80
                74     0     0     0
ispt( 43) =      0   106   161   241   321   401   481   561
               641   721   801   881   961  1041     0     0
                 0     0     0     0  1664  1681  1761  1841
              1921  2001  2081  2161  2241  2321  2401  2481
              2561     0     0     0
iipe( 43) =      0    55    80    80    80    80    80    80
                80    80    80    80    80     5     0     0
                 0     0     0     0    17    80    80    80
                80    80    80    80    80    80    80    80
                58     0     0     0
ispt( 44) =      0   110   161   241   321   401   481   561
               641   743   801   935   961  1041     0     0
                 0     0     0     0  1678  1681  1761  1841
              1921  2001  2081  2161  2241  2321  2401  2481
              2561     0     0     0
iipe( 44) =      0    51    80    80    80    80    80    80
                72    58    67    26    80     8     0     0
                 0     0     0     0     3    80    80    80
                80    80    80    80    80    80    80    80
                44     0     0     0
ispt( 45) =      0   131   161   241   321   401   481   561
               641     0   813   942   961     0     0     0
                 0     0     0     0     0     0  1778  1841
              1921  2001  2081  2161  2241  2321  2401  2481
              2561     0     0     0
iipe( 45) =      0    30    80    80    80    80    80    80
                72     0    20    19    70     0     0     0
                 0     0     0     0     0     0    63    80
                80    80    80    80    80    80    80    80
                39     0     0     0
ispt( 46) =      0   158   161   241   321   401   481   561
               641   721     0     0   991     0     0     0
                 0     0     0     0     0     0  1831  1841
              1921  2001  2081  2161  2241  2321  2401  2481
              2561     0     0     0
iipe( 46) =      0     3    80    80    80    80    80    80
                80    25     0     0    31     0     0     0
                 0     0     0     0     0     0    10    80
                80    80    80    80    80    80    80    80
                37     0     0     0
ispt( 47) =      0     0   167   241   321   401   481   561
               641   721     0     0     0     0     0     0
                 0     0     0     0     0     0     0  1853
              1921  2001  2081  2161  2241  2321  2401  2481
              2561     0     0     0
iipe( 47) =      0     0    74    80    80    80    80    80
                80    51     0     0     0     0     0     0
                 0     0     0     0     0     0     0    68
                80    80    80    80    80    80    80    80
                35     0     0     0
ispt( 48) =      0     0   217   241   321   401   481   561
               641   721   801     0     0     0     0     0
                 0     0     0     0     0     0     0  1867
              1921  2005  2081  2161  2241  2321  2401  2481
              2561     0     0     0
iipe( 48) =      0     0    24    80    80    80    80    80
                80    80    65     0     0     0     0     0
                 0     0     0     0     0     0     0    54
                70    76    80    80    80    80    80    80
                40     0     0     0
ispt( 49) =      0     0   171   241   321   401   481   561
               641   721   801     0     0     0     0     0
                 0     0     0     0     0     0     0  1854
              1921  2001  2081  2161  2241  2321  2401  2481
              2561     0     0     0
iipe( 49) =      0     0    70    80    80    80    80    80
                80    80    70     0     0     0     0     0
                 0     0     0     0     0     0     0    67
                80    80    80    80    80    80    80    80
                35     0     0     0
ispt( 50) =      0     0   170   241   321   401   481   561
               641   721   801   881     0     0     0     0
                 0     0     0     0     0     0     0  1846
              1921  2001  2081  2161  2241  2321  2401  2481
                 0     0     0     0
iipe( 50) =      0     0    71    80    80    80    80    80
                80    80    80     6     0     0     0     0
                 0     0     0     0     0     0     0    75
                80    80    80    80    80    80    80    66
                 0     0     0     0
ispt( 51) =      0     0   184   241   321   401   481   561
               641   721   827   881     0     0     0     0
                 0     0     0     0     0     0     0  1846
              1921  2001  2081  2161  2241  2329  2401  2481
                 0     0     0     0
iipe( 51) =      0     0    57    80    80    80    80    80
                80    38    54    30     0     0     0     0
                 0     0     0     0     0     0     0    75
                80    80    80    80    72    72    80    45
                 0     0     0     0
ispt( 52) =      0     0   214   310   321   401   481   561
               641   721   826   886     0     0     0     0
                 0     0     0     0     0     0     0  1893
              1921  2001  2131  2161  2241  2335  2401  2481
                 0     0     0     0
iipe( 52) =      0     0    21    11    80    80    80    80
                80    60    30    26     0     0     0     0
                 0     0     0     0     0     0     0    28
                80    69    30    80    31    66    80    11
                 0     0     0     0
ispt( 53) =      0     0     0   307   321   401   481   561
               641   721   832     0     0     0     0     0
                 0     0     0     0     0     0     0     0
                 0     0  2145  2161  2241     0  2401     0
                 0     0     0     0
iipe( 53) =      0     0     0    14    80    80    80    80
                80    71    29     0     0     0     0     0
                 0     0     0     0     0     0     0     0
                 0     0    16    80    34     0    57     0
                 0     0     0     0
ispt( 54) =      0     0     0   306   321   401   481   561
               641   721   801   915     0     0     0     0
                 0     0     0     0     0     0     0     0
                 0     0     0  2161  2241     0     0     0
                 0     0     0     0
iipe( 54) =      0     0     0    15    80    80    80    80
                80    80    64    25     0     0     0     0
                 0     0     0     0     0     0     0     0
                 0     0     0    80    22     0     0     0
                 0     0     0     0
ispt( 55) =      0     0     0   306   321   401   481   561
               641   721   801   891     0     0     0     0
                 0     0     0     0     0     0     0     0
                 0  2072  2081  2161  2241     0     0     0
                 0     0     0     0
iipe( 55) =      0     0     0    15    80    80    80    80
                80    80     8    55     0     0     0     0
                 0     0     0     0     0     0     0     0
                 0     9    80    80     5     0     0     0
                 0     0     0     0
ispt( 56) =      0     0     0   316   321   401   546   561
               641   721   801   881     0     0     0     0
                 0     0     0     0     0     0     0     0
                 0  2048  2081  2161  2241     0     0     0
                 0     0     0     0
iipe( 56) =      0     0     0     5    80    35    15    80
                80    80    80    72     0     0     0     0
                 0     0     0     0     0     0     0     0
                 0    33    80    80    53     0     0     0
                 0     0     0     0
ispt( 57) =      0     0     0   293   321   401     0   600
               641   721   801   881   961     0     0     0
                 0     0     0     0     0     0     0     0
                 0  2030  2081  2161  2241  2321     0     0
                 0     0     0     0
iipe( 57) =      0     0     0    28    80    50     0    41
                80    80    80    80     3     0     0     0
                 0     0     0     0     0     0     0     0
                 0    51    80    80    80    50     0     0
                 0     0     0     0
ispt( 58) =      0   158     0   292   321   401   481   611
               641   721   801   881   961     0     0     0
                 0     0     0     0     0     0     0     0
              1951  2001  2081  2161  2241  2321     0     0
                 0     0     0     0
iipe( 58) =      0     3     0    29    80    80    18    30
                80    80    80    80    20     0     0     0
                 0     0     0     0     0     0     0     0
                50    80    80    80    80    69     0     0
                 0     0     0     0
ispt( 59) =      0   139   161   303   321   401   481     0
               648   721   801   881   961     0     0     0
                 0     0     0     0     0     0     0     0
              1950  2001  2081  2161  2241  2321  2401     0
                 0     0     0     0
iipe( 59) =      0    22    74    18    80    80    29     0
                73    80    80    80    34     0     0     0
                 0     0     0     0     0     0     0     0
                51    80    80    80    80    80    24     0
                 0     0     0     0
ispt( 60) =      0   143   161   241   321   401   481     0
               657   721   801   881   961     0     0     0
                 0     0     0     0     0     0     0     0
              1945  2001  2081  2161  2241  2321  2401     0
                 0     0     0     0
iipe( 60) =      0    18    80    80    80    80    52     0
                64    80    80    80    59     0     0     0
                 0     0     0     0     0     0     0     0
                56    80    80    80    80    80    68     0
                 0     0     0     0
ispt( 61) =      0   151   161   241   321   401   481     0
               655   721   801   881   961  1041     0     0
                 0     0     0     0     0     0     0     0
              1937  2001  2081  2161  2241  2321  2401     0
                 0     0     0     0
iipe( 61) =      0    10    80    80    80    80    63     0
                66    80    80    80    80     7     0     0
                 0     0     0     0     0     0     0     0
                64    80    80    80    80    80    80     0
                 0     0     0     0
ispt( 62) =      0     0   184   241   321   401   481   572
               641   721   801   881   961  1041     0     0
                 0     0     0     0     0     0     0  1918
              1921  2001  2081  2161  2241  2321  2401  2481
                 0     0     0     0
iipe( 62) =      0     0    57    80    80    80    73    69
                80    80    80    80    80     6     0     0
                 0     0     0     0     0     0     0     3
                80    80    80    80    80    80    80     8
                 0     0     0     0
ispt( 63) =      0     0   184   241   321   401   481   561
               641   721   801   881   961     0     0     0
                 0     0     0     0     0     0     0     0
              1957  2001  2081  2161  2241  2321  2401  2481
              2593  2641     0     0
iipe( 63) =      0     0    57    80    80    80    80    80
                80    80    80    80    44     0     0     0
                 0     0     0     0     0     0     0     0
                44    80    80    80    80    80    80    21
                48    22     0     0
ispt( 64) =      0     0   161   241   321   401   481   561
               641   721   801   881   961     0     0     0
                 0     0     0     0     0     0     0     0
              1921  2001  2081  2161  2241  2321  2401  2481
              2561  2641     0     0
iipe( 64) =      0     0    80    80    80    80    80    80
                80    80    80    80    80     0     0     0
                 0     0     0     0     0     0     0     0
                80    80    80    80    80    80    80    80
                80    80     0     0
 
jspt(  1) =      1    34    67   100   133   166   200   234
               268   302   336   370   404   438   472   506
               540   574   608   642   676   710   744   778
               812   846   880   914   948   982  1016  1050
              1084  1118  1152  1186  1220  1254  1288  1322
              1356  1390  1424  1458  1492  1526  1560  1594
              1628  1662  1696  1730  1764  1798  1832  1866
              1900  1934  1968  2001  2034  2067  2100  2133
jjpe(  1) =     33    33    33    33    33    34    34    34
                34    34    34    34    34    34    34    34
                34    34    34    34    34    34    34    34
                34    34    34    34    34    34    34    34
                34    34    34    34    34    34    34    34
                34    34    34    34    34    34    34    34
                34    34    34    34    34    34    34    34
                34    34    33    33    33    33    33    33
