  npes   npe   mpe   idm   jdm  ibig  jbig  nreg  minsea  maxsea  avesea
  1532    16   128  2880  2165   180    17     2       0    3060    2394

ispt(  1) =      0     0     0     0     0     0     0     0
                 0     0     0     0  2248     0     0     0
iipe(  1) =      0     0     0     0     0     0     0     0
                 0     0     0     0    52     0     0     0
ispt(  2) =      0     0   366     0     0     0     0     0
                 0     0     0     0  2177     0     0     0
iipe(  2) =      0     0    71     0     0     0     0     0
                 0     0     0     0   143     0     0     0
ispt(  3) =      0   327   361     0     0     0     0     0
                 0     0     0  2026  2161     0     0     0
iipe(  3) =      0    34    83     0     0     0     0     0
                 0     0     0   135   174     0     0     0
ispt(  4) =      0   317   361     0     0     0     0     0
                 0     0     0  2026  2161  2341     0     0
iipe(  4) =      0    44    96     0     0     0     0     0
                 0     0     0   135   180    50     0     0
ispt(  5) =      0   297   361     0     0     0     0     0
                 0     0     0  2019  2161  2341     0     0
iipe(  5) =      0    64   116     0     0     0     0     0
                 0     0     0   142   180    60     0     0
ispt(  6) =      0   285   361     0     0     0     0     0
                 0     0     0  2020  2161  2341     0     0
iipe(  6) =      0    76   135     0     0     0     0     0
                 0     0     0   141   180    68     0     0
ispt(  7) =      0   264   361     0     0     0     0     0
                 0     0     0  2019  2161  2341     0     0
iipe(  7) =      0    97   149     0     0     0     0     0
                 0     0     0   142   180    83     0     0
ispt(  8) =      0   242   361     0     0     0     0     0
                 0     0     0  2021  2161  2341     0     0
iipe(  8) =      0   119   157     0     0     0     0     0
                 0     0     0   140   180   142     0     0
ispt(  9) =      0   223   361     0     0     0     0     0
                 0     0     0  2021  2161  2341     0  2722
iipe(  9) =      0   138   162     0     0     0     0     0
                 0     0     0   140   180   173     0    71
ispt( 10) =      0   224   361   541     0     0     0     0
                 0     0     0  2030  2161  2341  2521  2701
iipe( 10) =      0   137   180     5     0     0     0     0
                 0     0     0   131   180   180   180    92
ispt( 11) =     43   231   361   541     0     0     0     0
                 0     0     0  2039  2161  2341  2521  2701
iipe( 11) =     30   130   180    16     0     0     0     0
                 0     0     0   122   180   180   180    90
ispt( 12) =     21   234   361   541     0     0     0     0
                 0     0     0  2051  2161  2341  2521  2701
iipe( 12) =    128   127   180    23     0     0     0     0
                 0     0     0   110   180   180   180    90
ispt( 13) =      1   240   361   541     0     0     0     0
                 0     0     0  2074  2161  2341  2521  2701
iipe( 13) =    148   121   180    56     0     0     0     0
                 0     0     0    87   180   180   180   180
ispt( 14) =      1   237   361   541     0     0     0     0
                 0     0     0  2078  2161  2341  2521  2701
iipe( 14) =    138   124   180    85     0     0     0     0
                 0     0     0    83   180   180   180   180
ispt( 15) =      1   235   361   541     0     0     0     0
                 0     0     0  2063  2161  2341  2521  2701
iipe( 15) =    138   126   180    98     0     0     0     0
                 0     0     0    98   180   180   180   180
ispt( 16) =      1   234   361   541   755   901     0     0
                 0     0     0  2009  2161  2341  2521  2701
iipe( 16) =    141   127   180   160   146    19     0     0
                 0     0     0   152   180   180   180   180
ispt( 17) =      1   228   361   541   721   901     0  1310
                 0     0     0  1998  2161  2341  2521  2701
iipe( 17) =    174   133   180   180   180   139     0    19
                 0     0     0   163   180   180   180   180
ispt( 18) =      1   181   361   541   721   901     0  1301
                 0     0  1961  1981  2161  2341  2521  2701
iipe( 18) =    180   180   180   180   180   143     0    44
                 0     0    20   180   180   180   180   180
ispt( 19) =      1   181   361   541   721   901     0  1277
                 0     0  1896  1981  2161  2341  2521  2701
iipe( 19) =    180   180   180   180   180   176     0    86
                 0     0    85   180   180   180   180   180
ispt( 20) =      1   181   361   541   721   901  1081  1261
                 0     0  1877  1981  2161  2341  2521  2701
iipe( 20) =    180   180   180   180   180   180   180   129
                 0     0   104   180   180   180   180   180
ispt( 21) =      1   181   361   541   721   901  1081  1261
              1441  1635  1812  1981  2161  2341  2521  2701
iipe( 21) =    180   180   180   180   180   180   180   180
               167   126   169   180   180   180   180   180
ispt( 22) =      1   181   361   541   721   901  1081  1261
              1441  1621  1801  1981  2161  2341  2521  2701
iipe( 22) =    180   180   180   180   180   180   180   180
               180   180   180   180   180   180   180   180
ispt( 23) =      1   181   361   541   721   901  1081  1261
              1441  1621  1801  1981  2161  2341  2521  2701
iipe( 23) =    180   180   180   180   180   180   180   180
               180   180   180   180   180   180   180   180
ispt( 24) =      1   181   361   541   721   901  1081  1261
              1441  1621  1801  1981  2161  2341  2521  2701
iipe( 24) =    180   180   180   180   180   180   180   180
               180   180   180   180   180   180   180   180
ispt( 25) =      1   181   361   541   721   901  1081  1261
              1441  1621  1801  1981  2161  2341  2521  2701
iipe( 25) =    180   180   180   180   180   180   180   180
               180   180   180   180   180   180   180   180
ispt( 26) =      1   181   361   541   721   901  1081  1261
              1441  1621  1801  1981  2161  2341  2521  2701
iipe( 26) =    180   180   180   180   180   180   180   180
               180   180   180   180   180   180   180   180
ispt( 27) =      1   181   361   541   721   901  1081  1261
              1441  1621  1801  1981  2161  2341  2521  2701
iipe( 27) =    180   180   180   180   180   180   180   180
               180   180   180   180   180   180   180   180
ispt( 28) =      1   181   361   541   721   901  1081  1261
              1441  1621  1801  1981  2161  2341  2521  2701
iipe( 28) =    180   180   180   180   180   180   180   180
               180   180   180   180   180   180   180   180
ispt( 29) =      1   181   361   541   721   901  1081  1261
              1441  1621  1801  1981  2161  2341  2521  2701
iipe( 29) =    180   180   180   180   180   180   180   180
               180   180   180   180   180   180   180   180
ispt( 30) =      1   181   361   541   721   901  1081  1261
              1441  1621  1801  1981  2161  2341  2521  2701
iipe( 30) =    180   180   180   180   180   180   180   180
               180   180   180   180   180   180   180   180
ispt( 31) =      1   181   361   541   721   901  1081  1261
              1441  1621  1801  1981  2161  2341  2521  2701
iipe( 31) =    180   180   180   180   180   180   180   180
               180   180   180   180   180   180   180   180
ispt( 32) =      1   181   361   541   721   901  1081  1261
              1441  1621  1801  1981  2161  2341  2521  2701
iipe( 32) =    180   180   180   180   180   180   180   180
               180   180   180   180   180   180   180   180
ispt( 33) =      1   181   361   541   721   901  1081  1261
              1441  1621  1801  1981  2161  2341  2521  2701
iipe( 33) =    180   180   180   180   180   180   180   180
               180   180   180   180   180   180   180   180
ispt( 34) =      1   181   361   541   721   901  1081  1261
              1441  1621  1801  1981  2161  2341  2521  2701
iipe( 34) =    180   180   180   180   180   180   180   180
               180   180   180   180   180   180   180   180
ispt( 35) =      1   181   361   541   721   901  1081  1261
              1441  1621  1801  1981  2161  2341  2521  2701
iipe( 35) =    180   180   180   180   180   180   180   180
               180   180   180   180   180   180   180   180
ispt( 36) =      1   181   361   541   721   901  1081  1261
              1441  1621  1801  1981  2161  2341  2521  2701
iipe( 36) =    180   180   180   180   180   180   180   180
               180   180   180   180   180   180   180   180
ispt( 37) =      1   181   361   541   721   901  1081  1261
              1441  1621  1801  1981  2161  2341  2521  2701
iipe( 37) =    180   180   180   180   180   180   180   180
               180   180   180   180   180   180   180   180
ispt( 38) =      1   181   361   541   721   901  1081  1261
              1441  1621  1801  1981  2161  2341  2521  2701
iipe( 38) =    180   180   180   180   180   180   180   180
               180   180   180   180   180   180   180   180
ispt( 39) =      1   181   361   541   721   901  1081  1261
              1441  1621  1801  1981  2161  2341  2521  2701
iipe( 39) =    180   180   180   180   180   180   180   180
               180   180   180   180   180   180   180   180
ispt( 40) =      1   181   361   541   721   901  1081  1261
              1441  1621  1801  1981  2161  2341  2521  2701
iipe( 40) =    180   180   180   180   180   180   180   180
               180   180   180   180   180   180   180   180
ispt( 41) =      1   197   361   541   721   901  1081  1261
              1441  1621  1801  1981  2161  2341  2521  2701
iipe( 41) =    138   164   180   180   180   180   180   180
               180   180   180   180   180   180   180   180
ispt( 42) =      1   199   361   541   721   901  1081  1261
              1441  1621  1801  1981  2161  2341  2521  2701
iipe( 42) =    140   162   180   180   180   180   180   180
               180   180   180   180   180   180   180   180
ispt( 43) =      1   199   361   541   721   901  1081  1261
              1441  1621  1801  1981  2161  2341  2521  2701
iipe( 43) =    138   162   180   180   180   180   180   180
               180   180   180   180   180   180   180   180
ispt( 44) =      1   221   361   541   721   901  1081  1261
              1441  1621  1801  1981  2161  2341  2521  2701
iipe( 44) =    135   140   180   180   180   180   180   180
               180   180   180   180   180   180   180   180
ispt( 45) =      1   259   361   541   721   901  1081  1261
              1441  1621  1801  1981  2161  2341  2521  2701
iipe( 45) =    139   102   180   180   180   180   180   180
               180   180   180   180   180   180   180   180
ispt( 46) =      1   252   361   541   721   901  1081  1261
              1441  1621  1801  1981  2161  2341  2521  2701
iipe( 46) =    145   109   180   180   180   180   180   180
               180   180   180   180   180   180   180   180
ispt( 47) =      1   252   361   541   721   901  1081  1261
              1441  1621  1801  1981  2161  2341  2521  2701
iipe( 47) =    149   109   180   180   180   180   180   180
               180   180   180   180   180   180   180   180
ispt( 48) =      1   299   361   541   721   943  1081  1261
              1441  1621  1821  1981  2161  2341  2521  2701
iipe( 48) =    149    62   180   180   148   138   180   180
               180   175   160   180   180   180   180   180
ispt( 49) =      1   307   361   541   721   961  1081  1261
              1441  1621  1944  1981  2161  2341  2521  2701
iipe( 49) =    150    54   180   180   143   120   180   180
               180    24    37   180   180   180   180   180
ispt( 50) =      1   322   361   541   721   971  1081  1261
              1441  1621  1944  1981  2161  2341  2521  2701
iipe( 50) =    154    39   180   180   136   110   180   180
               180    21    37   180   180   180   180   180
ispt( 51) =      1   331   361   541   721   981  1081  1261
              1441  1621  1941  1981  2161  2341  2521  2701
iipe( 51) =    157    30   180   180   125   100   180   180
               180    15    40   180   180   180   180   180
ispt( 52) =      1   333   361   541   721   983  1081  1261
              1441  1621  1926  1981  2161  2341  2521  2701
iipe( 52) =    158    28   180   180   120    98   180   180
               180    13    55   180   180   180   180   180
ispt( 53) =      1   354   361   541   721  1001  1101  1261
              1441  1621  1914  1981  2161  2341  2521  2701
iipe( 53) =    160     7   180   180   118    71   160   180
               180    29    67   180   180   180   180   180
ispt( 54) =      1     0   392   541   721   998  1106  1261
              1441  1621  1893  1981  2161  2341  2521  2701
iipe( 54) =    160     0   149   180   113    80   155   180
               180    72    88   180   180   180   180   180
ispt( 55) =      1     0   400   541   721  1000  1111  1261
              1441  1621  1833  1981  2161  2341  2521  2701
iipe( 55) =    160     0   141   180   104    77   150   180
               180    90   148   180   180   180   180   180
ispt( 56) =      1     0   406   541   721  1018  1081  1261
              1441  1621  1806  1981  2161  2341  2521  2701
iipe( 56) =    151     0   135   180    98    63   180   180
               180   138   175   180   180   180   180   180
ispt( 57) =      1     0   408   541   721  1043  1081  1261
              1441  1621  1801  1981  2161  2341  2521  2701
iipe( 57) =    125     0   133   180   104    38   180   180
               180   180   180   180   180   180   180   180
ispt( 58) =      1     0   408   541   721  1044  1081  1261
              1441  1621  1801  1981  2161  2341  2521  2701
iipe( 58) =    111     0   133   180   112    37   180   180
               180   180   180   180   180   180   180   180
ispt( 59) =      1     0   421   541   721  1036  1081  1261
              1441  1621  1801  1981  2161  2341  2521  2701
iipe( 59) =    103     0   120   180   112    45   180   180
               180   180   180   180   180   180   180   180
ispt( 60) =      1     0   436   541   721  1034  1081  1261
              1441  1621  1801  1981  2161  2341  2521  2701
iipe( 60) =     94     0   105   180   108    47   180   180
               180   180   180   180   180   180   180   180
ispt( 61) =      1     0   420   541   721  1030  1081  1261
              1441  1621  1801  1981  2161  2341  2521  2701
iipe( 61) =     84     0   121   180   104    51   180   180
               180   180   180   180   180   180   180   180
ispt( 62) =      1     0   361   541   721  1033  1081  1261
              1441  1621  1801  1981  2161  2341  2521  2701
iipe( 62) =     82     0   180   180    98    48   180   180
               180   180   180   180   180   180   180   180
ispt( 63) =      1   332   361   541   721  1041  1081  1261
              1441  1624  1801  1981  2161  2341  2521  2701
iipe( 63) =     82    29   180   180    85    40   180   180
               175   177   180   180   180   180   180   180
ispt( 64) =      1   319   361   541   721  1056  1081  1261
              1441  1657  1801  1981  2161  2341  2521  2701
iipe( 64) =     91    42   180   180    78    25   180   180
               169   144   180   180   180   180   180   180
ispt( 65) =      1   311   361   541   721  1072  1081  1261
              1441  1621  1801  1981  2161  2341  2521  2701
iipe( 65) =    103    50   180   180    80     9   180   180
               180   180   180   180   180   180   180   180
ispt( 66) =      1   265   361   541   721     0  1095  1261
              1441  1621  1801  1981  2161  2341  2521  2701
iipe( 66) =    103    96   180   180    80     0   166   180
               180   180   180   180   180   180   180   180
ispt( 67) =      1   247   361   541   721     0  1108  1261
              1441  1621  1801  1981  2161  2341  2521  2701
iipe( 67) =    106   114   180   180    44     0   153   180
               180   180   180   180   180   180   180   180
ispt( 68) =      1   195   361   541     0     0  1118  1261
              1441  1621  1801  1981  2161  2341  2521  2701
iipe( 68) =    153   166   180    81     0     0   143   180
               180   180   180   180   180   180   180   180
ispt( 69) =      1   181   361   541     0  1064  1081  1261
              1441  1621  1801  1981  2161  2341  2521  2701
iipe( 69) =    180   180   180    72     0    17   180   180
               180   180   180   180   180   180   180   180
ispt( 70) =      1   181   361   541     0  1052  1081  1261
              1441  1621  1801  1981  2161  2341  2521  2701
iipe( 70) =    180   180   180    57     0    29   180   180
               180   180   180   180   180   180   180   180
ispt( 71) =      1   181   361   541     0  1034  1100  1261
              1441  1621  1801  1981  2161  2341  2521  2701
iipe( 71) =    180   180   180    49     0    34   161   180
               180   180   180   180   180   180   180   180
ispt( 72) =      9   181   361   541     0  1025  1137  1261
              1441  1621  1801  1981  2161  2341  2521  2701
iipe( 72) =    172   180   180    55     0    40   124   180
               180   180   180   180   180   180   180   170
ispt( 73) =     14   181   361   541     0  1018  1164  1261
              1441  1621  1801  1981  2161  2341  2521  2701
iipe( 73) =    167   180   180    57     0    39    97   180
               180   180   180   180   180   180   180   177
ispt( 74) =      1   181   361   541     0  1012  1182  1261
              1441  1621  1801  1981  2161  2341  2521  2701
iipe( 74) =    180   180   180    51     0    35    79   180
               180   180   180   180   180   180   180   180
ispt( 75) =      1   181   361   541     0  1003  1133  1261
              1441  1621  1801  1981  2161  2341  2521  2701
iipe( 75) =    180   180   180    58     0    32   128   180
               180   180   180   180   180   180   180   180
ispt( 76) =      1   181   361   541     0   994  1121  1261
                 0  1659  1801  1981  2161  2341  2521  2701
iipe( 76) =    180   180   180    66     0    36   140     7
                 0   142   180   180   180   180   180   180
ispt( 77) =      1   181   361   541     0   988  1111     0
                 0  1677  1801  1981  2161  2341  2521  2701
iipe( 77) =    180   180   180    86     0    30   143     0
                 0   124   180   180   180   180   180   180
ispt( 78) =      1   181   361   541     0   979  1103     0
                 0  1684  1801  1981  2161  2341  2521  2701
iipe( 78) =    180   180   180   103     0    27    71     0
                 0   117   180   180   180   180   180   180
ispt( 79) =      1   181   361   541   842   922  1103     0
                 0  1687  1801  1981  2161  2341  2521  2701
iipe( 79) =    180   180   180   104    41    78    26     0
                 0   114   180   180   180   180   180   180
ispt( 80) =      1   181   361   541   808   901     0     0
                 0  1688  1801  1981  2161  2341  2521  2701
iipe( 80) =    180   180   180   120    93   101     0     0
                 0   113   180   180   180   180   180   180
ispt( 81) =     71   181   361   541   800   901     0     0
                 0  1684  1801  1981  2161  2341  2521     0
iipe( 81) =    110   180   180   170   101   107     0     0
                 0   117   180   180   180   180   146     0
ispt( 82) =     85   181   361   541   721   901     0     0
                 0  1675  1801  1981  2161  2341  2521     0
iipe( 82) =     96   180   180   180   180   107     0     0
                 0   126   180   180   180   180   139     0
ispt( 83) =     99   181   361   541   721   901     0     0
                 0  1675  1801  1981  2161  2341  2521     0
iipe( 83) =     82   180   180   180   180   108     0     0
                 0   126   180   180   180   180   114     0
ispt( 84) =    112   181   361   541   721   901     0     0
                 0  1675  1801  1981  2161  2341  2521     0
iipe( 84) =     69   180   180   180   180    36     0     0
                 0   126   180   180   180   180   105     0
ispt( 85) =    111   181   361   541   721   901     0     0
                 0  1664  1801  1981  2161  2341  2521     0
iipe( 85) =     70   180   180   180   180    51     0     0
                 0   137   180   180   180   180    98     0
ispt( 86) =    106   181   361   541   734   906     0     0
                 0  1664  1801  1981  2161  2341  2521     0
iipe( 86) =     75   180   180   113   141   140     0     0
                 0   137   180   180   180   180    89     0
ispt( 87) =    110   181   361   541   743   935     0     0
                 0  1679  1801  1981  2161  2341  2521     0
iipe( 87) =     71   180   180   172   125   114     0     0
                 0   122   180   180   180   180    84     0
ispt( 88) =    130   181   361   541   784   938     0     0
                 0  1693  1801  1981  2161  2341  2521     0
iipe( 88) =     51   180   180   172    58   110     0     0
                 0   108   180   180   180   180    81     0
ispt( 89) =    131   181   361   541   813   942     0     0
                 0  1778  1801  1981  2161  2341  2521     0
iipe( 89) =     50   180   180   172    20    89     0     0
                 0    23   180   180   180   180    79     0
ispt( 90) =    154   181   361   541     0   949     0     0
                 0     0  1817  1981  2161  2341  2521     0
iipe( 90) =     27   180   180   169     0    69     0     0
                 0     0   164   180   180   180    77     0
ispt( 91) =    159   181   361   541   721   991     0     0
                 0     0  1831  1981  2161  2341  2521     0
iipe( 91) =     22   180   180   180    11    31     0     0
                 0     0   150   180   180   180    77     0
ispt( 92) =    162   181   361   541   721  1013     0     0
                 0     0  1842  1981  2161  2341  2521     0
iipe( 92) =     19   180   180   180    25     9     0     0
                 0     0   139   180   180   180    76     0
ispt( 93) =    167   181   361   541   727     0     0     0
                 0     0  1853  1981  2161  2341  2521     0
iipe( 93) =     14   180   180   159    36     0     0     0
                 0     0   128   180   180   180    75     0
ispt( 94) =      0   195   361   541   721     0     0     0
                 0     0  1862  1981  2161  2341  2521     0
iipe( 94) =      0   166   180   180    51     0     0     0
                 0     0   119   180   180   180    72     0
ispt( 95) =      0   220   361   541   721     0     0     0
                 0     0  1867  1981  2161  2341  2521     0
iipe( 95) =      0   141   180   180   115     0     0     0
                 0     0   114   180   180   180    75     0
ispt( 96) =      0   217   361   541   721     0     0     0
                 0     0  1871  1981  2161  2341  2521     0
iipe( 96) =      0   144   180   180   145     0     0     0
                 0     0   110   180   180   180    80     0
ispt( 97) =      0   217   361   541   721     0     0     0
                 0     0  1878  1981  2161  2341  2521     0
iipe( 97) =      0   144   180   180   150     0     0     0
                 0     0   103   180   180   180    75     0
ispt( 98) =      0   213   361   541   721     0     0     0
                 0     0  1854  1981  2161  2341  2521     0
iipe( 98) =      0   148   180   180   147     0     0     0
                 0     0   127   180   180   180    61     0
ispt( 99) =    170   181   361   541   721     0     0     0
                 0     0  1852  1981  2161  2341  2521     0
iipe( 99) =     11   180   180   180   166     0     0     0
                 0     0   129   180   180   180    26     0
ispt(100) =    175   181   361   541   721     0     0     0
                 0     0  1846  1981  2161  2341  2521     0
iipe(100) =      6   180   180   180   165     0     0     0
                 0     0   135   180   180   180    16     0
ispt(101) =      0   184   361   541   721     0     0     0
                 0     0  1846  1981  2161  2341  2521     0
iipe(101) =      0   177   180   180   177     0     0     0
                 0     0   135   180   180   180     5     0
ispt(102) =      0   191   361   541   721   901     0     0
                 0     0  1871  1981  2161  2341     0     0
iipe(102) =      0   170   180   180   180    10     0     0
                 0     0   110   180   180   170     0     0
ispt(103) =      0   214   361   541   721   901     0     0
                 0     0  1893  2003  2161  2341     0     0
iipe(103) =      0   147   180   180   180    11     0     0
                 0     0    76   158   180   151     0     0
ispt(104) =      0   310   361   541   721     0     0     0
                 0     0     0  2023  2161  2341     0     0
iipe(104) =      0    51   180   180   133     0     0     0
                 0     0     0   138   180   138     0     0
ispt(105) =      0   310   361   541   721     0     0     0
                 0     0     0  2145  2161  2403     0     0
iipe(105) =      0    51   180   180   136     0     0     0
                 0     0     0    16   114    55     0     0
ispt(106) =      0   307   361   541   721     0     0     0
                 0     0     0     0  2161     0     0     0
iipe(106) =      0    54   180   180   140     0     0     0
                 0     0     0     0   111     0     0     0
ispt(107) =      0   306   361   541   721     0     0     0
                 0     0     0     0  2161     0     0     0
iipe(107) =      0    55   180   180   144     0     0     0
                 0     0     0     0   102     0     0     0
ispt(108) =      0   306   361   541   721   915     0     0
                 0     0     0     0  2171     0     0     0
iipe(108) =      0    55   180   180   142    25     0     0
                 0     0     0     0    92     0     0     0
ispt(109) =      0   306   361   541   721   901     0     0
                 0     0     0  2107  2161     0     0     0
iipe(109) =      0    55   180   180   180    45     0     0
                 0     0     0    54    85     0     0     0
ispt(110) =      0   312   361   541   721   901     0     0
                 0     0     0  2072  2161     0     0     0
iipe(110) =      0    49   180   180   180    45     0     0
                 0     0     0    89    83     0     0     0
ispt(111) =      0   316   361   546   721   926     0     0
                 0     0     0  2064  2161     0     0     0
iipe(111) =      0    45    70   175   109    20     0     0
                 0     0     0    97    91     0     0     0
ispt(112) =      0   318   361   597   721   901     0     0
                 0     0     0  2048  2161     0     0     0
iipe(112) =      0    43    75   124   180    52     0     0
                 0     0     0   113   133     0     0     0
ispt(113) =      0   323   361   600   721   901     0     0
                 0     0     0  2035  2161  2341     0     0
iipe(113) =      0    38    83   121   180    62     0     0
                 0     0     0   126   180     4     0     0
ispt(114) =      0   293   361   611   721   901     0     0
                 0     0     0  2030  2161  2341     0     0
iipe(114) =      0    68    90   110   180    62     0     0
                 0     0     0   131   180    30     0     0
ispt(115) =      0   292   361   611   721   901     0     0
                 0     0     0  1988  2161  2341     0     0
iipe(115) =      0    69   122   110   180    63     0     0
                 0     0     0   173   180    37     0     0
ispt(116) =      0   294   361   645   721   901     0     0
                 0     0  1951  1981  2161  2341     0     0
iipe(116) =      0    67   138    76   180    80     0     0
                 0     0    30   180   180    49     0     0
ispt(117) =    139   303   361   648   721   901     0     0
                 0     0  1950  1981  2161  2341     0     0
iipe(117) =     29    58   145    73   180    83     0     0
                 0     0    31   180   180    71     0     0
ispt(118) =    139   181   361   650   721   901     0     0
                 0     0  1951  1981  2161  2341     0     0
iipe(118) =     42   180   149    71   180    94     0     0
                 0     0    30   180   180    85     0     0
ispt(119) =    144   181   361   657   721   901     0     0
                 0     0  1966  1981  2161  2341     0     0
iipe(119) =     37   180   158    64   180    92     0     0
                 0     0    15   180   180   123     0     0
ispt(120) =    146   181   423   668   721   901     0     0
                 0     0  1945  1981  2161  2341     0     0
iipe(120) =     35   169   111    53   180   120     0     0
                 0     0    36   180   180   129     0     0
ispt(121) =    152   181   364   541   721   901     0     0
                 0     0  1944  1981  2161  2341     0     0
iipe(121) =     29   171   177   180   180   120     0     0
                 0     0    37   180   180   138     0     0
ispt(122) =    171   181   361   541   721   901     0     0
                 0     0  1937  1981  2161  2341     0     0
iipe(122) =     10   180   180   180   180   147     0     0
                 0     0    44   180   180   138     0     0
ispt(123) =      0   185   361   541   721   901     0     0
                 0     0  1921  1981  2161  2341     0     0
iipe(123) =      0   176   180   180   180   145     0     0
                 0     0    60   180   180   146     0     0
ispt(124) =      0   184   361   541   721   901     0     0
                 0     0  1919  1981  2161  2341     0     0
iipe(124) =      0   177   180   180   180   136     0     0
                 0     0    62   180   180   149     0     0
ispt(125) =      0   184   361   541   721   901     0     0
                 0     0  1968  1981  2161  2341  2612     0
iipe(125) =      0   177   180   180   180    98     0     0
                 0     0    13   180   180   152    29     0
ispt(126) =      0   189   361   541   721   901     0     0
                 0     0  1956  1981  2161  2341  2592     0
iipe(126) =      0   172   180   180   180   104     0     0
                 0     0    25   180   180   161    79     0
ispt(127) =      0   193   361   541   721   901     0     0
                 0     0  1952  1981  2161  2341  2575     0
iipe(127) =      0   168   180   180   180   102     0     0
                 0     0    29   180   180   160    97     0
ispt(128) =      0   181   361   541   721   901     0     0
                 0     0  1801  1981  2161  2341  2521     0
iipe(128) =      0   180   180   180   180   180     0     0
                 0     0   180   180   180   180   180     0
 
jspt(  1) =      1    17    33    49    65    81    98   115
               132   149   166   183   200   217   234   251
               268   285   302   319   336   353   370   387
               404   421   438   455   472   489   506   523
               540   557   574   591   608   625   642   659
               676   693   710   727   744   761   778   795
               812   829   846   863   880   897   914   931
               948   965   982   999  1016  1033  1050  1067
              1084  1101  1118  1135  1152  1169  1186  1203
              1220  1237  1254  1271  1288  1305  1322  1339
              1356  1373  1390  1407  1424  1441  1458  1475
              1492  1509  1526  1543  1560  1577  1594  1611
              1628  1645  1662  1679  1696  1713  1730  1747
              1764  1781  1798  1815  1832  1849  1866  1883
              1900  1917  1934  1951  1968  1985  2002  2019
              2036  2053  2070  2086  2102  2118  2134  2150
jjpe(  1) =     16    16    16    16    16    17    17    17
                17    17    17    17    17    17    17    17
                17    17    17    17    17    17    17    17
                17    17    17    17    17    17    17    17
                17    17    17    17    17    17    17    17
                17    17    17    17    17    17    17    17
                17    17    17    17    17    17    17    17
                17    17    17    17    17    17    17    17
                17    17    17    17    17    17    17    17
                17    17    17    17    17    17    17    17
                17    17    17    17    17    17    17    17
                17    17    17    17    17    17    17    17
                17    17    17    17    17    17    17    17
                17    17    17    17    17    17    17    17
                17    17    17    17    17    17    17    17
                17    17    16    16    16    16    16    16
