  npes   npe   mpe   idm   jdm  ibig  jbig  nreg  minsea  maxsea  avesea
  2867    32   128  2880  2161    90    17     2       0    1530    1279

ispt(  1) =      0     0     0     0     0     0     0     0
                 0     0     0     0     0     0     0     0
                 0     0     0     0     0     0     0     0
              2248  2251     0     0     0     0     0     0
iipe(  1) =      0     0     0     0     0     0     0     0
                 0     0     0     0     0     0     0     0
                 0     0     0     0     0     0     0     0
                 3    49     0     0     0     0     0     0
ispt(  2) =      0     0     0     0   366     0     0     0
                 0     0     0     0     0     0     0     0
                 0     0     0     0     0     0     0     0
              2176  2251     0     0     0     0     0     0
iipe(  2) =      0     0     0     0    71     0     0     0
                 0     0     0     0     0     0     0     0
                 0     0     0     0     0     0     0     0
                75    69     0     0     0     0     0     0
ispt(  3) =      0     0     0   327   361     0     0     0
                 0     0     0     0     0     0     0     0
                 0     0     0     0     0     0  2026  2130
              2161  2251     0     0     0     0     0     0
iipe(  3) =      0     0     0    34    83     0     0     0
                 0     0     0     0     0     0     0     0
                 0     0     0     0     0     0    31    31
                90    84     0     0     0     0     0     0
ispt(  4) =      0     0     0   317   361   451     0     0
                 0     0     0     0     0     0     0     0
                 0     0     0     0     0     0  2026  2071
              2161  2251  2341     0     0     0     0     0
iipe(  4) =      0     0     0    44    90     6     0     0
                 0     0     0     0     0     0     0     0
                 0     0     0     0     0     0    45    90
                90    90    50     0     0     0     0     0
ispt(  5) =      0     0     0   297   361   451     0     0
                 0     0     0     0     0     0     0     0
                 0     0     0     0     0     0  2019  2071
              2161  2251  2341     0     0     0     0     0
iipe(  5) =      0     0     0    64    90    26     0     0
                 0     0     0     0     0     0     0     0
                 0     0     0     0     0     0    52    90
                90    90    62     0     0     0     0     0
ispt(  6) =      0     0     0   286   361   451     0     0
                 0     0     0     0     0     0     0     0
                 0     0     0     0     0     0  2020  2071
              2161  2251  2341     0     0     0     0     0
iipe(  6) =      0     0     0    75    90    44     0     0
                 0     0     0     0     0     0     0     0
                 0     0     0     0     0     0    51    90
                90    90    64     0     0     0     0     0
ispt(  7) =      0     0   267   271   361   451     0     0
                 0     0     0     0     0     0     0     0
                 0     0     0     0     0     0  2019  2071
              2161  2251  2341     0     0     0     0     0
iipe(  7) =      0     0     4    90    90    59     0     0
                 0     0     0     0     0     0     0     0
                 0     0     0     0     0     0    52    90
                90    90    76     0     0     0     0     0
ispt(  8) =      0     0   244   271   361   451     0     0
                 0     0     0     0     0     0     0     0
                 0     0     0     0     0     0  2021  2071
              2161  2251  2341  2431     0     0     0     0
iipe(  8) =      0     0    27    90    90    63     0     0
                 0     0     0     0     0     0     0     0
                 0     0     0     0     0     0    50    90
                90    90    90    50     0     0     0     0
ispt(  9) =      0     0   223   271   361   451     0     0
                 0     0     0     0     0     0     0     0
                 0     0     0     0     0     0  2021  2071
              2161  2251  2341  2431     0     0  2723  2791
iipe(  9) =      0     0    48    90    90    72     0     0
                 0     0     0     0     0     0     0     0
                 0     0     0     0     0     0    50    90
                90    90    90    76     0     0    68     3
ispt( 10) =      0     0   224   271   361   451   541     0
                 0     0     0     0     0     0     0     0
                 0     0     0     0     0     0  2030  2071
              2161  2251  2341  2431  2521  2695  2701  2791
iipe( 10) =      0     0    47    90    90    90     5     0
                 0     0     0     0     0     0     0     0
                 0     0     0     0     0     0    41    90
                90    90    90    90    57     6    90     3
ispt( 11) =     50     0   231   271   361   451   541     0
                 0     0     0     0     0     0     0     0
                 0     0     0     0     0     0  2039  2071
              2161  2251  2341  2431  2521  2611  2701     0
iipe( 11) =     23     0    40    90    90    90    15     0
                 0     0     0     0     0     0     0     0
                 0     0     0     0     0     0    32    90
                90    90    90    90    90    90    90     0
ispt( 12) =     31    91   233   271   361   451   541     0
                 0     0     0     0     0     0     0     0
                 0     0     0     0     0     0  2048  2071
              2161  2251  2341  2431  2521  2611  2701     0
iipe( 12) =     60    58    38    90    90    90    22     0
                 0     0     0     0     0     0     0     0
                 0     0     0     0     0     0    23    90
                90    90    90    90    90    90    90     0
ispt( 13) =      1    91   240   271   361   451   541     0
                 0     0     0     0     0     0     0     0
                 0     0     0     0     0     0     0  2074
              2161  2251  2341  2431  2521  2611  2701  2835
iipe( 13) =     90    58    31    90    90    90    52     0
                 0     0     0     0     0     0     0     0
                 0     0     0     0     0     0     0    87
                90    90    90    90    90    90    80    46
ispt( 14) =      1    91   237   271   361   451   541     0
                 0     0     0     0     0     0     0     0
                 0     0     0     0     0     0     0  2078
              2161  2251  2341  2431  2521  2611  2701  2791
iipe( 14) =     90    51    34    90    90    90    84     0
                 0     0     0     0     0     0     0     0
                 0     0     0     0     0     0     0    83
                90    90    90    90    90    90    90    90
ispt( 15) =      1    91   235   271   361   451   541   631
                 0     0     0     0     0     0     0     0
                 0     0     0     0     0     0  2064  2071
              2161  2251  2341  2431  2521  2611  2701  2791
iipe( 15) =     90    47    36    90    90    90    90     3
                 0     0     0     0     0     0     0     0
                 0     0     0     0     0     0     7    90
                90    90    90    90    90    90    90    90
ispt( 16) =      1    91   234   271   361   451   541   631
                 0     0     0     0     0     0     0     0
                 0     0     0     0     0     0  2016  2071
              2161  2251  2341  2431  2521  2611  2701  2791
iipe( 16) =     90    50    37    90    90    90    90    64
                 0     0     0     0     0     0     0     0
                 0     0     0     0     0     0    55    90
                90    90    90    90    90    90    90    90
ispt( 17) =      1    91   228   271   361   451   541   631
               721   811   901  1013     0     0  1310     0
                 0     0     0     0     0     0  2000  2071
              2161  2251  2341  2431  2521  2611  2701  2791
iipe( 17) =     90    84    43    90    90    90    90    90
                90    90    56    26     0     0    16     0
                 0     0     0     0     0     0    71    90
                90    90    90    90    90    90    90    90
ispt( 18) =      1    91   181   271   361   451   541   631
               721   811   901   999     0     0  1303     0
                 0     0     0     0     0  1962  1981  2071
              2161  2251  2341  2431  2521  2611  2701  2791
iipe( 18) =     90    90    90    90    90    90    90    90
                90    90    82    41     0     0    42     0
                 0     0     0     0     0    19    90    90
                90    90    90    90    90    90    90    90
ispt( 19) =      1    91   181   271   361   451   541   631
               721   811   901   991     0     0  1277  1351
                 0     0     0     0     0  1897  1981  2071
              2161  2251  2341  2431  2521  2611  2701  2791
iipe( 19) =     90    90    90    90    90    90    90    90
                90    90    90    75     0     0    74     7
                 0     0     0     0     0    84    90    90
                90    90    90    90    90    90    90    90
ispt( 20) =      1    91   181   271   361   451   541   631
               721   811   901   991  1081  1192  1261  1351
                 0     0     0     0  1879  1891  1981  2071
              2161  2251  2341  2431  2521  2611  2701  2791
iipe( 20) =     90    90    90    90    90    90    90    90
                90    90    90    90    35    69    90    38
                 0     0     0     0    12    90    90    90
                90    90    90    90    90    90    90    90
ispt( 21) =      1    91   181   271   361   451   541   631
               721   811   901   991  1081  1171  1261  1351
              1441  1573  1637  1711  1824  1891  1981  2071
              2161  2251  2341  2431  2521  2611  2701  2791
iipe( 21) =     90    90    90    90    90    90    90    90
                90    90    90    90    90    90    90    90
                40    34    74    49    67    90    90    90
                90    90    90    90    90    90    90    90
ispt( 22) =      1    91   181   271   361   451   541   631
               721   811   901   991  1081  1171  1261  1351
              1441  1531  1621  1711  1801  1891  1981  2071
              2161  2251  2341  2431  2521  2611  2701  2791
iipe( 22) =     90    90    90    90    90    90    90    90
                90    90    90    90    90    90    90    90
                90    90    90    90    90    90    90    90
                90    90    90    90    90    90    90    90
ispt( 23) =      1    91   181   271   361   451   541   631
               721   811   901   991  1081  1171  1261  1351
              1441  1531  1621  1711  1801  1891  1981  2071
              2161  2251  2341  2431  2521  2611  2701  2791
iipe( 23) =     90    90    90    90    90    90    90    90
                90    90    90    90    90    90    90    90
                90    90    90    90    90    90    90    90
                90    90    90    90    90    90    90    90
ispt( 24) =      1    91   181   271   361   451   541   631
               721   811   901   991  1081  1171  1261  1351
              1441  1531  1621  1711  1801  1891  1981  2071
              2161  2251  2341  2431  2521  2611  2701  2791
iipe( 24) =     90    90    90    90    90    90    90    90
                90    90    90    90    90    90    90    90
                90    90    90    90    90    90    90    90
                90    90    90    90    90    90    90    90
ispt( 25) =      1    91   181   271   361   451   541   631
               721   811   901   991  1081  1171  1261  1351
              1441  1531  1621  1711  1801  1891  1981  2071
              2161  2251  2341  2431  2521  2611  2701  2791
iipe( 25) =     90    90    90    90    90    90    90    90
                90    90    90    90    90    90    90    90
                90    90    90    90    90    90    90    90
                90    90    90    90    90    90    90    90
ispt( 26) =      1    91   181   271   361   451   541   631
               721   811   901   991  1081  1171  1261  1351
              1441  1531  1621  1711  1801  1891  1981  2071
              2161  2251  2341  2431  2521  2611  2701  2791
iipe( 26) =     90    90    90    90    90    90    90    90
                90    90    90    90    90    90    90    90
                90    90    90    90    90    90    90    90
                90    90    90    90    90    90    90    90
ispt( 27) =      1    91   181   271   361   451   541   631
               721   811   901   991  1081  1171  1261  1351
              1441  1531  1621  1711  1801  1891  1981  2071
              2161  2251  2341  2431  2521  2611  2701  2791
iipe( 27) =     90    90    90    90    90    90    90    90
                90    90    90    90    90    90    90    90
                90    90    90    90    90    90    90    90
                90    90    90    90    90    90    90    90
ispt( 28) =      1    91   181   271   361   451   541   631
               721   811   901   991  1081  1171  1261  1351
              1441  1531  1621  1711  1801  1891  1981  2071
              2161  2251  2341  2431  2521  2611  2701  2791
iipe( 28) =     90    90    90    90    90    90    90    90
                90    90    90    90    90    90    90    90
                90    90    90    90    90    90    90    90
                90    90    90    90    90    90    90    90
ispt( 29) =      1    91   181   271   361   451   541   631
               721   811   901   991  1081  1171  1261  1351
              1441  1531  1621  1711  1801  1891  1981  2071
              2161  2251  2341  2431  2521  2611  2701  2791
iipe( 29) =     90    90    90    90    90    90    90    90
                90    90    90    90    90    90    90    90
                90    90    90    90    90    90    90    90
                90    90    90    90    90    90    90    90
ispt( 30) =      1    91   181   271   361   451   541   631
               721   811   901   991  1081  1171  1261  1351
              1441  1531  1621  1711  1801  1891  1981  2071
              2161  2251  2341  2431  2521  2611  2701  2791
iipe( 30) =     90    90    90    90    90    90    90    90
                90    90    90    90    90    90    90    90
                90    90    90    90    90    90    90    90
                90    90    90    90    90    90    90    90
ispt( 31) =      1    91   181   271   361   451   541   631
               721   811   901   991  1081  1171  1261  1351
              1441  1531  1621  1711  1801  1891  1981  2071
              2161  2251  2341  2431  2521  2611  2701  2791
iipe( 31) =     90    90    90    90    90    90    90    90
                90    90    90    90    90    90    90    90
                90    90    90    90    90    90    90    90
                90    90    90    90    90    90    90    90
ispt( 32) =      1    91   181   271   361   451   541   631
               721   811   901   991  1081  1171  1261  1351
              1441  1531  1621  1711  1801  1891  1981  2071
              2161  2251  2341  2431  2521  2611  2701  2791
iipe( 32) =     90    90    90    90    90    90    90    90
                90    90    90    90    90    90    90    90
                90    90    90    90    90    90    90    90
                90    90    90    90    90    90    90    90
ispt( 33) =      1    91   181   271   361   451   541   631
               721   811   901   991  1081  1171  1261  1351
              1441  1531  1621  1711  1801  1891  1981  2071
              2161  2251  2341  2431  2521  2611  2701  2791
iipe( 33) =     90    90    90    90    90    90    90    90
                90    90    90    90    90    90    90    90
                90    90    90    90    90    90    90    90
                90    90    90    90    90    90    90    90
ispt( 34) =      1    91   181   271   361   451   541   631
               721   811   901   991  1081  1171  1261  1351
              1441  1531  1621  1711  1801  1891  1981  2071
              2161  2251  2341  2431  2521  2611  2701  2791
iipe( 34) =     90    90    90    90    90    90    90    90
                90    90    90    90    90    90    90    90
                90    90    90    90    90    90    90    90
                90    90    90    90    90    90    90    90
ispt( 35) =      1    91   181   271   361   451   541   631
               721   811   901   991  1081  1171  1261  1351
              1441  1531  1621  1711  1801  1891  1981  2071
              2161  2251  2341  2431  2521  2611  2701  2791
iipe( 35) =     90    90    90    90    90    90    90    90
                90    90    90    90    90    90    90    90
                90    90    90    90    90    90    90    90
                90    90    90    90    90    90    90    90
ispt( 36) =      1    91   181   271   361   451   541   631
               721   811   901   991  1081  1171  1261  1351
              1441  1531  1621  1711  1801  1891  1981  2071
              2161  2251  2341  2431  2521  2611  2701  2791
iipe( 36) =     90    90    90    90    90    90    90    90
                90    90    90    90    90    90    90    90
                90    90    90    90    90    90    90    90
                90    90    90    90    90    90    90    90
ispt( 37) =      1    91   181   271   361   451   541   631
               721   811   901   991  1081  1171  1261  1351
              1441  1531  1621  1711  1801  1891  1981  2071
              2161  2251  2341  2431  2521  2611  2701  2791
iipe( 37) =     90    90    90    90    90    90    90    90
                90    90    90    90    90    90    90    90
                90    90    90    90    90    90    90    90
                90    90    90    90    90    90    90    90
ispt( 38) =      1    91   181   271   361   451   541   631
               721   811   901   991  1081  1171  1261  1351
              1441  1531  1621  1711  1801  1891  1981  2071
              2161  2251  2341  2431  2521  2611  2701  2791
iipe( 38) =     90    90    90    90    90    90    90    90
                90    90    90    90    90    90    90    90
                90    90    90    90    90    90    90    90
                90    90    90    90    90    90    90    90
ispt( 39) =      1    91   181   271   361   451   541   631
               721   811   901   991  1081  1171  1261  1351
              1441  1531  1621  1711  1801  1891  1981  2071
              2161  2251  2341  2431  2521  2611  2701  2791
iipe( 39) =     90    90    90    90    90    90    90    90
                90    90    90    90    90    90    90    90
                90    90    90    90    90    90    90    90
                90    90    90    90    90    90    90    90
ispt( 40) =      1    91   181   271   361   451   541   631
               721   811   901   991  1081  1171  1261  1351
              1441  1531  1621  1711  1801  1891  1981  2080
              2161  2251  2341  2431  2521  2611  2701  2791
iipe( 40) =     90    90    90    90    90    90    90    90
                90    90    90    90    90    90    90    90
                90    90    90    90    90    90    85    81
                90    90    90    90    90    90    90    90
ispt( 41) =      1    91   195   271   361   451   541   631
               721   811   901   991  1081  1171  1261  1351
              1441  1531  1621  1711  1801  1891  1981  2071
              2161  2251  2341  2431  2521  2611  2701  2791
iipe( 41) =     90    48    76    90    90    90    90    90
                90    90    90    90    90    90    90    90
                90    90    90    90    90    90    90    90
                90    90    90    90    90    90    90    90
ispt( 42) =      1    91   199   271   361   451   541   631
               721   811   901   991  1081  1171  1261  1351
              1441  1531  1621  1711  1801  1891  1981  2071
              2161  2251  2341  2431  2521  2611  2701  2791
iipe( 42) =     90    50    72    90    90    90    90    90
                90    90    90    90    90    90    90    90
                90    90    90    90    90    90    90    90
                90    90    90    90    90    90    90    90
ispt( 43) =      1    91   199   271   361   451   541   631
               721   811   901   991  1081  1171  1261  1351
              1441  1531  1621  1711  1801  1891  1981  2071
              2161  2251  2341  2431  2521  2611  2701  2791
iipe( 43) =     90    50    72    90    90    90    90    90
                90    90    90    90    90    90    90    90
                90    90    90    90    90    90    90    90
                90    90    90    90    90    90    90    90
ispt( 44) =      1    91   221   271   361   451   541   631
               721   811   901   991  1081  1171  1261  1351
              1441  1531  1621  1711  1801  1891  1981  2071
              2161  2251  2341  2431  2521  2611  2701  2791
iipe( 44) =     90    45    50    90    90    90    90    90
                90    90    90    90    90    90    90    90
                90    90    90    90    90    90    90    90
                90    90    90    90    90    90    90    90
ispt( 45) =      1    91   255   271   361   451   541   631
               721   811   901   991  1081  1171  1261  1351
              1441  1531  1621  1711  1801  1897  1981  2071
              2161  2251  2341  2431  2521  2611  2701  2791
iipe( 45) =     90    48    16    90    90    90    90    90
                90    90    90    90    90    90    90    90
                90    90    90    90    82    84    90    90
                90    90    90    90    90    90    90    90
ispt( 46) =      1    91   253   271   361   451   541   631
               721   811   901   991  1081  1171  1261  1351
              1441  1531  1621  1711  1801  1920  1981  2071
              2161  2251  2341  2431  2521  2611  2701  2791
iipe( 46) =     90    55    18    90    90    90    90    90
                90    90    90    90    90    90    90    90
                90    90    90    90    40    61    90    90
                90    90    90    90    90    90    90    90
ispt( 47) =      1    91   252   271   361   451   541   631
               721   811   901   991  1081  1171  1261  1351
              1441  1531  1621  1711  1801  1926  1981  2071
              2161  2251  2341  2431  2521  2611  2701  2791
iipe( 47) =     90    59    19    90    90    90    90    90
                90    90    90    90    90    90    90    90
                90    90    90    90    29    55    90    90
                90    90    90    90    90    90    90    90
ispt( 48) =      1    91     0   297   361   451   541   631
               721   811   941   991  1081  1171  1261  1351
              1441  1531  1621  1711  1801  1933  1981  2071
              2161  2251  2341  2431  2521  2611  2701  2791
iipe( 48) =     90    59     0    64    90    90    90    90
                90    58    50    90    90    90    90    90
                90    90    90    90    25    48    90    90
                90    90    90    90    90    90    90    90
ispt( 49) =      1    91     0   304   361   451   541   631
               721   811   959   991  1081  1171  1261  1351
              1441  1531  1621     0     0  1943  1981  2071
              2161  2251  2341  2431  2521  2611  2701  2791
iipe( 49) =     90    60     0    57    90    90    90    90
                90    55    32    90    90    90    90    90
                90    90    25     0     0    38    90    90
                90    90    90    90    90    90    90    90
ispt( 50) =      1    91     0   321   361   451   541   631
               721   811   969   991  1081  1171  1261  1351
              1441  1531  1621     0     0  1944  1981  2071
              2161  2251  2341  2431  2521  2611  2701  2791
iipe( 50) =     90    64     0    40    90    90    90    90
                90    47    22    90    90    90    90    90
                90    90    21     0     0    37    90    90
                90    90    90    90    90    90    90    90
ispt( 51) =      1    91     0   331   361   451   541   631
               721   811   981   991  1081  1171  1261  1351
              1441  1531  1621     0     0  1943  1981  2071
              2161  2251  2341  2431  2521  2611  2701  2791
iipe( 51) =     90    67     0    30    90    90    90    90
                90    35    10    90    90    90    90    90
                90    90    15     0     0    38    90    90
                90    90    90    90    90    90    90    90
ispt( 52) =      1    91     0   332   361   451   541   631
               721   811   982   991  1081  1171  1261  1351
              1441  1531  1621     0     0  1927  1981  2071
              2161  2251  2341  2431  2521  2611  2701  2791
iipe( 52) =     90    68     0    29    90    90    90    90
                90    31     9    90    90    90    90    90
                90    90    15     0     0    54    90    90
                90    90    90    90    90    90    90    90
ispt( 53) =      1    91     0   351   361   451   541   631
               721   811     0  1001  1100  1171  1261  1351
              1441  1531  1621     0     0  1914  1981  2071
              2161  2251  2341  2431  2521  2611  2701  2791
iipe( 53) =     90    70     0    10    90    90    90    90
                90    28     0    71    71    90    90    90
                90    90    27     0     0    67    90    90
                90    90    90    90    90    90    90    90
ispt( 54) =      1    91     0     0   392   451   541   631
               721   811     0   998  1105  1171  1261  1351
              1441  1531  1621     0     0  1897  1981  2071
              2161  2251  2341  2431  2521  2611  2701  2791
iipe( 54) =     90    70     0     0    59    90    90    90
                90    24     0    80    66    90    90    90
                90    90    71     0     0    84    90    90
                90    90    90    90    90    90    90    90
ispt( 55) =      1    91     0     0   399   451   541   631
               721   811     0   998  1110  1171  1261  1351
              1441  1531  1621     0  1835  1891  1981  2071
              2161  2251  2341  2431  2521  2611  2701  2791
iipe( 55) =     90    70     0     0    52    90    90    90
                90    15     0    80    61    90    90    90
                90    90    90     0    56    90    90    90
                90    90    90    90    90    90    90    90
ispt( 56) =      1    91     0     0   404   451   541   631
               721   811     0  1016  1081  1171  1261  1351
              1441  1531  1621  1711  1809  1891  1981  2071
              2161  2251  2341  2431  2521  2611  2701  2791
iipe( 56) =     90    64     0     0    47    90    90    90
                90     7     0    65    90    90    90    90
                90    90    90     9    82    90    90    90
                90    90    90    90    90    90    90    90
ispt( 57) =      1    91     0     0   408   451   541   631
               721   811     0  1041  1081  1171  1261  1351
              1441  1531  1621  1711  1801  1891  1981  2071
              2161  2251  2341  2431  2521  2611  2701  2791
iipe( 57) =     90    38     0     0    43    90    90    90
                90    12     0    40    90    90    90    90
                90    90    90    90    90    90    90    90
                90    90    90    90    90    90    90    90
ispt( 58) =      1    91     0     0   408   451   541   631
               721   811     0  1044  1081  1171  1261  1351
              1441  1531  1621  1711  1801  1891  1981  2071
              2161  2251  2341  2431  2521  2611  2701  2791
iipe( 58) =     90    21     0     0    43    90    90    90
                90    22     0    37    90    90    90    90
                90    90    90    90    90    90    90    90
                90    90    90    90    90    90    90    90
ispt( 59) =      1    91     0     0   420   451   541   631
               721   811     0  1037  1081  1171  1261  1351
              1441  1531  1621  1711  1801  1891  1981  2071
              2161  2251  2341  2431  2521  2611  2701  2791
iipe( 59) =     90    14     0     0    31    90    90    90
                90    22     0    44    90    90    90    90
                90    90    90    90    90    90    90    90
                90    90    90    90    90    90    90    90
ispt( 60) =      1    91     0     0   434   451   541   631
               721   811     0  1034  1081  1171  1261  1351
              1441  1531  1621  1711  1801  1891  1981  2071
              2161  2251  2341  2431  2521  2611  2701  2791
iipe( 60) =     90     5     0     0    17    90    90    90
                90    18     0    47    90    90    90    90
                90    90    90    90    90    90    90    90
                90    90    90    90    90    90    90    90
ispt( 61) =      1     0     0     0   423   451   541   631
               721   811     0  1030  1081  1171  1261  1351
              1441  1531  1621  1711  1801  1891  1981  2071
              2161  2251  2341  2431  2521  2611  2701  2791
iipe( 61) =     85     0     0     0    28    90    90    90
                90    15     0    51    90    90    90    90
                90    90    90    90    90    90    90    90
                90    90    90    90    90    90    90    90
ispt( 62) =      1     0     0     0   364   451   541   631
               721   811     0  1032  1081  1171  1261  1351
              1441  1531  1621  1711  1801  1891  1981  2071
              2161  2251  2341  2431  2521  2611  2701  2791
iipe( 62) =     82     0     0     0    87    90    90    90
                90     8     0    49    90    90    90    90
                90    90    90    90    90    90    90    90
                90    90    90    90    90    90    90    90
ispt( 63) =      1     0     0   332   361   451   541   631
               721     0     0  1040  1081  1171  1261  1351
              1441  1531  1621  1711  1801  1891  1981  2071
              2161  2251  2341  2431  2521  2611  2701  2791
iipe( 63) =     82     0     0    29    90    90    90    90
                86     0     0    41    90    90    90    90
                90    90    90    90    90    90    90    90
                90    90    90    90    90    90    90    90
ispt( 64) =      1     0     0   319   361   451   541   631
               721     0     0  1055  1081  1171  1261  1351
              1441  1536  1656  1711  1801  1891  1981  2071
              2161  2251  2341  2431  2521  2611  2701  2791
iipe( 64) =     90     0     0    42    90    90    90    90
                78     0     0    26    90    90    90    90
                85    73    55    90    90    90    90    90
                90    90    90    90    90    90    90    90
ispt( 65) =      1    91     0   311   361   451   541   631
               721     0     0  1070  1081  1171  1261  1351
              1441  1531  1621  1711  1801  1891  1981  2071
              2161  2251  2341  2431  2521  2611  2701  2791
iipe( 65) =     90    12     0    50    90    90    90    90
                80     0     0    11    90    90    90    90
                90    90    90    90    90    90    90    90
                90    90    90    90    90    90    90    90
ispt( 66) =      1    91     0   289   361   451   541   631
               721     0     0     0  1093  1171  1261  1351
              1441  1531  1621  1711  1801  1891  1981  2071
              2161  2251  2341  2431  2521  2611  2701  2791
iipe( 66) =     90    13     0    72    90    90    90    90
                80     0     0     0    78    90    90    90
                90    90    90    90    90    90    90    90
                90    90    90    90    90    90    90    90
ispt( 67) =      1    91   249   271   361   451   541   631
               721     0     0     0  1107  1171  1261  1351
              1441  1531  1621  1711  1801  1891  1981  2071
              2161  2251  2341  2431  2521  2611  2701  2791
iipe( 67) =     90    13    22    90    90    90    90    90
                44     0     0     0    64    90    90    90
                90    90    90    90    90    90    90    90
                90    90    90    90    90    90    90    90
ispt( 68) =      1    91   222   271   361   451   541     0
                 0     0     0     0  1116  1171  1261  1351
              1441  1531  1621  1711  1801  1891  1981  2071
              2161  2251  2341  2431  2521  2611  2701  2791
iipe( 68) =     90    63    49    90    90    90    86     0
                 0     0     0     0    55    90    90    90
                90    90    90    90    90    90    90    90
                90    90    90    90    90    90    90    90
ispt( 69) =      1    91   181   271   361   451   541     0
                 0     0     0  1064  1081  1171  1261  1351
              1441  1531  1621  1711  1801  1891  1981  2071
              2161  2251  2341  2431  2521  2611  2701  2791
iipe( 69) =     90    90    90    90    90    90    74     0
                 0     0     0    17    90    90    90    90
                90    90    90    90    90    90    90    90
                90    90    90    90    90    90    90    90
ispt( 70) =      1    91   181   271   361   451   541     0
                 0     0     0  1053  1081  1171  1261  1358
              1441  1531  1621  1711  1801  1891  1981  2071
              2161  2251  2341  2431  2521  2611  2701  2791
iipe( 70) =     90    90    90    90    90    90    57     0
                 0     0     0    28    90    90    67    83
                90    90    90    90    90    90    90    90
                90    90    90    90    90    90    90    90
ispt( 71) =      1    91   181   271   361   451   541     0
                 0     0     0  1034  1088  1171  1261  1361
              1441  1586  1621  1711  1801  1891  1981  2071
              2161  2251  2341  2431  2521  2611  2701  2791
iipe( 71) =     90    90    90    90    90    90    49     0
                 0     0     0    34    83    90    58    80
                87    35    90    90    90    90    90    90
                90    90    90    90    90    90    90    90
ispt( 72) =      9    91   181   271   361   451   541     0
                 0     0     0  1027  1136  1171  1261  1362
              1441  1571  1621  1711  1801  1891  1981  2071
              2161  2251  2341  2431  2521  2611  2701  2791
iipe( 72) =     82    90    90    90    90    90    53     0
                 0     0     0    38    35    90    51    79
                63    50    90    90    90    90    90    90
                90    90    90    90    90    90    90    65
ispt( 73) =     14    91   181   271   361   451   541     0
                 0     0     0  1018  1162  1171  1261  1386
              1441  1565  1621  1711  1801  1891  1981  2071
              2161  2251  2341  2431  2521  2611  2701  2791
iipe( 73) =     77    90    90    90    90    90    57     0
                 0     0     0    41     9    90    46    55
                37    56    90    90    90    90    90    90
                90    90    90    90    90    90    90    87
ispt( 74) =      1    91   181   271   361   451   541     0
                 0     0     0  1015     0  1182  1261  1403
              1441  1567  1621  1711  1801  1891  1981  2071
              2161  2251  2341  2431  2521  2611  2701  2818
iipe( 74) =     90    90    90    90    90    90    51     0
                 0     0     0    34     0    79    44    38
                31    54    90    90    90    90    90    90
                90    90    90    90    90    90    60    63
ispt( 75) =      1    91   181   271   361   451   541     0
                 0     0     0  1004     0  1177  1261  1418
              1441  1584  1621  1711  1801  1891  1981  2071
              2161  2251  2341  2431  2521  2611  2701  2817
iipe( 75) =     90    90    90    90    90    90    57     0
                 0     0     0    31     0    84    42    23
                16    37    90    90    90    90    90    90
                90    90    90    90    90    90    58    64
ispt( 76) =      1    91   181   271   361   451   541     0
                 0     0     0   995  1121  1171  1261     0
                 0     0  1655  1711  1801  1891  1981  2071
              2161  2251  2341  2431  2521  2611  2701  2817
iipe( 76) =     90    90    90    90    90    90    65     0
                 0     0     0    36    50    90     9     0
                 0     0    56    90    90    90    90    90
                90    90    90    90    90    90    48    64
ispt( 77) =      1    91   181   271   361   451   541     0
                 0     0   988   991  1112  1171     0     0
                 0     0  1675  1711  1801  1891  1981  2071
              2161  2251  2341  2431  2521  2611  2701  2818
iipe( 77) =     90    90    90    90    90    90    82     0
                 0     0     3    28    59    84     0     0
                 0     0    36    90    90    90    90    90
                90    90    90    90    90    90    33    63
ispt( 78) =      1    91   181   271   361   451   541   631
                 0     0   979   991  1104  1171     0     0
                 0     0  1682  1711  1801  1891  1981  2071
              2161  2251  2341  2431  2521  2611  2701  2820
iipe( 78) =     90    90    90    90    90    90    90    12
                 0     0    12    17    67     6     0     0
                 0     0    29    90    90    90    90    90
                90    90    90    90    90    90    22    61
ispt( 79) =      1    91   181   271   361   451   541   631
                 0   844   935   991  1103     0     0     0
                 0     0  1687  1711  1801  1891  1981  2071
              2161  2251  2341  2431  2521  2611  2701  2828
iipe( 79) =     90    90    90    90    90    90    90    14
                 0    39    56    10    27     0     0     0
                 0     0    24    90    90    90    90    90
                90    90    90    90    90    90     6    53
ispt( 80) =      1    91   181   271   361   451   541   631
               808   811   901   991     0     0     0     0
                 0     0  1687  1711  1801  1891  1981  2071
              2161  2251  2341  2431  2521  2611     0  2877
iipe( 80) =     90    90    90    90    90    90    90    26
                 3    90    90    10     0     0     0     0
                 0     0    24    90    90    90    90    90
                90    90    90    90    90    90     0     4
ispt( 81) =     71    91   181   271   361   451   541   631
               800   811   901   991     0     0     0     0
                 0     0  1679  1711  1801  1891  1981  2071
              2161  2251  2341  2431  2521  2611     0     0
iipe( 81) =     20    90    90    90    90    90    90    77
                11    90    90    16     0     0     0     0
                 0     0    32    90    90    90    90    90
                90    90    90    90    90    56     0     0
ispt( 82) =     83    91   181   271   361   451   541   631
               721   811   901   991     0     0     0     0
                 0     0  1675  1711  1801  1891  1981  2071
              2161  2251  2341  2431  2521  2611     0     0
iipe( 82) =      8    90    90    90    90    90    90    90
                90    90    90    17     0     0     0     0
                 0     0    36    90    90    90    90    90
                90    90    90    90    90    50     0     0
ispt( 83) =      0    99   181   271   361   451   541   631
               721   811   901   991     0     0     0     0
                 0     0  1675  1711  1801  1891  1981  2071
              2161  2251  2341  2431  2521  2611     0     0
iipe( 83) =      0    82    90    90    90    90    90    90
                90    90    90    18     0     0     0     0
                 0     0    36    90    90    90    90    90
                90    90    90    90    90    24     0     0
ispt( 84) =      0   112   181   271   361   451   541   631
               721   811   901     0     0     0     0     0
                 0     0  1675  1711  1801  1891  1981  2071
              2161  2251  2341  2431  2521  2611     0     0
iipe( 84) =      0    69    90    90    90    90    90    90
                90    90    37     0     0     0     0     0
                 0     0    36    90    90    90    90    90
                90    90    90    90    90    16     0     0
ispt( 85) =      0   110   181   271   361   451   541   631
               721   811   901     0     0     0     0     0
                 0     0  1664  1711  1801  1891  1981  2071
              2161  2251  2341  2431  2521  2611     0     0
iipe( 85) =      0    71    90    90    90    90    90    90
                90    90    50     0     0     0     0     0
                 0     0    47    90    90    90    90    90
                90    90    90    90    90     9     0     0
ispt( 86) =      0   110   181   271   361   451   541   631
               730   811   901   997     0     0     0     0
                 0     0  1664  1711  1801  1891  1981  2071
              2161  2251  2341  2431  2521     0     0     0
iipe( 86) =      0    71    90    90    90    90    90    23
                81    90    79    49     0     0     0     0
                 0     0    47    90    90    90    90    90
                90    90    90    90    90     0     0     0
ispt( 87) =      0   110   181   271   361   451   541   631
               743   811   935   991     0     0     0     0
                 0     0  1679  1714  1801  1891  1981  2071
              2161  2251  2341  2431  2521     0     0     0
iipe( 87) =      0    71    90    90    90    90    90    81
                68    58    56    58     0     0     0     0
                 0     0    27    87    90    90    90    90
                90    90    90    90    85     0     0     0
ispt( 88) =      0   130   181   271   361   451   541   631
               783   811   937   991     0     0     0     0
                 0     0  1694  1764  1801  1891  1981  2071
              2161  2251  2341  2431  2521     0     0     0
iipe( 88) =      0    51    90    90    90    90    90    83
                28    33    54    58     0     0     0     0
                 0     0    10    37    90    90    90    90
                90    90    90    90    82     0     0     0
ispt( 89) =      0   131   181   271   361   451   541   631
                 0   811   942   991     0     0     0     0
                 0     0     0  1778  1801  1891  1981  2071
              2161  2251  2341  2431  2521     0     0     0
iipe( 89) =      0    50    90    90    90    90    90    83
                 0    23    49    41     0     0     0     0
                 0     0     0    23    90    90    90    90
                90    90    90    90    79     0     0     0
ispt( 90) =      0   154   181   271   361   451   541   631
                 0     0   949   991     0     0     0     0
                 0     0     0     0  1817  1891  1981  2071
              2161  2251  2341  2431  2521     0     0     0
iipe( 90) =      0    27    90    90    90    90    90    80
                 0     0    42    27     0     0     0     0
                 0     0     0     0    74    90    90    90
                90    90    90    90    77     0     0     0
ispt( 91) =      0   158   181   271   361   451   541   631
               721     0     0   991     0     0     0     0
                 0     0     0     0  1831  1891  1981  2071
              2161  2251  2341  2431  2521     0     0     0
iipe( 91) =      0    23    90    90    90    90    90    90
                10     0     0    32     0     0     0     0
                 0     0     0     0    60    90    90    90
                90    90    90    90    77     0     0     0
ispt( 92) =      0   162   181   271   361   451   541   631
               721     0     0  1013     0     0     0     0
                 0     0     0     0  1842  1891  1981  2071
              2161  2251  2341  2431  2521     0     0     0
iipe( 92) =      0    19    90    90    90    90    90    90
                23     0     0    10     0     0     0     0
                 0     0     0     0    49    90    90    90
                90    90    90    90    76     0     0     0
ispt( 93) =      0   175   181   271   361   451   541   631
               726     0     0     0     0     0     0     0
                 0     0     0     0  1853  1891  1981  2071
              2161  2251  2341  2431  2521     0     0     0
iipe( 93) =      0     6    90    90    90    90    90    70
                37     0     0     0     0     0     0     0
                 0     0     0     0    38    90    90    90
                90    90    90    90    76     0     0     0
ispt( 94) =      0     0   197   271   361   451   541   631
               721     0     0     0     0     0     0     0
                 0     0     0     0  1862  1891  1981  2071
              2161  2251  2341  2431  2521     0     0     0
iipe( 94) =      0     0    74    90    90    90    90    90
                51     0     0     0     0     0     0     0
                 0     0     0     0    29    90    90    90
                90    90    90    90    73     0     0     0
ispt( 95) =      0     0   219   271   361   451   541   631
               721   811     0     0     0     0     0     0
                 0     0     0     0  1866  1891  1981  2071
              2161  2251  2341  2431  2521     0     0     0
iipe( 95) =      0     0    52    90    90    90    90    90
                90    26     0     0     0     0     0     0
                 0     0     0     0    25    90    90    90
                90    90    90    90    82     0     0     0
ispt( 96) =      0     0   217   271   361   451   541   631
               721   811     0     0     0     0     0     0
                 0     0     0     0  1870  1891  1981  2071
              2161  2251  2341  2431  2521     0     0     0
iipe( 96) =      0     0    54    90    90    90    90    90
                90    55     0     0     0     0     0     0
                 0     0     0     0    21    90    90    90
                90    90    90    90    82     0     0     0
ispt( 97) =      0     0   215   271   361   451   541   631
               721   811     0     0     0     0     0     0
                 0     0     0     0  1877  1891  1981  2071
              2161  2251  2341  2431  2521     0     0     0
iipe( 97) =      0     0    56    90    90    90    90    90
                90    60     0     0     0     0     0     0
                 0     0     0     0    14    90    90    90
                90    90    90    90    78     0     0     0
ispt( 98) =      0   170   211   271   361   451   541   631
               721   811     0     0     0     0     0     0
                 0     0     0     0  1854  1891  1981  2071
              2161  2251  2341  2431  2521     0     0     0
iipe( 98) =      0     8    60    90    90    90    90    90
                90    72     0     0     0     0     0     0
                 0     0     0     0    37    90    90    90
                90    90    90    90    57     0     0     0
ispt( 99) =      0   171   181   271   361   451   541   631
               721   832     0     0     0     0     0     0
                 0     0     0     0  1851  1891  1981  2071
              2161  2251  2341  2431  2521     0     0     0
iipe( 99) =      0    10    90    90    90    90    90    90
                80    55     0     0     0     0     0     0
                 0     0     0     0    40    90    90    90
                90    90    90    90    27     0     0     0
ispt(100) =      0   178   181   271   361   451   541   631
               721   832     0     0     0     0     0     0
                 0     0     0     0  1845  1891  1981  2071
              2161  2251  2341  2431  2521     0     0     0
iipe(100) =      0     3    90    90    90    90    90    90
                75    54     0     0     0     0     0     0
                 0     0     0     0    46    90    90    90
                90    90    90    90    16     0     0     0
ispt(101) =      0     0   186   312   361   451   541   631
               721   831   901     0     0     0     0     0
                 0     0     0     0  1846  1891  1981  2071
              2161  2251  2341  2431     0     0     0     0
iipe(101) =      0     0    70    49    90    90    90    90
                34    70     3     0     0     0     0     0
                 0     0     0     0    45    90    90    90
                90    90    90    85     0     0     0     0
ispt(102) =      0     0   197   314   361   451   541   631
               721   827   901     0     0     0     0     0
                 0     0     0     0  1874  1891  1981  2112
              2161  2251  2341  2431     0     0     0     0
iipe(102) =      0     0    45    47    90    90    90    90
                38    74    12     0     0     0     0     0
                 0     0     0     0    17    90    82    49
                90    90    90    81     0     0     0     0
ispt(103) =      0     0   218   313   361   451   541   631
               721   827   901     0     0     0     0     0
                 0     0     0     0     0  1897  2006  2071
              2161  2251  2341  2431     0     0     0     0
iipe(103) =      0     0     9    48    90    90    90    90
                52    74    12     0     0     0     0     0
                 0     0     0     0     0    69    65    90
                90    90    90    54     0     0     0     0
ispt(104) =      0     0     0   308   361   451   541   631
               721   827     0     0     0     0     0     0
                 0     0     0     0     0     0  2058  2071
              2161  2251  2341  2431     0     0     0     0
iipe(104) =      0     0     0    53    90    90    90    90
                61    26     0     0     0     0     0     0
                 0     0     0     0     0     0    13    90
                90    90    90    50     0     0     0     0
ispt(105) =      0     0     0   309   361   451   541   631
               721   834     0     0     0     0     0     0
                 0     0     0     0     0     0     0  2145
              2161  2251  2417  2448     0     0     0     0
iipe(105) =      0     0     0    52    90    90    90    90
                70    24     0     0     0     0     0     0
                 0     0     0     0     0     0     0    16
                90    24     5    12     0     0     0     0
ispt(106) =      0     0     0   304   361   451   541   638
               721   841     0     0     0     0     0     0
                 0     0     0     0     0     0     0     0
              2161  2255     0     0     0     0     0     0
iipe(106) =      0     0     0    57    90    90    63    83
                72    21     0     0     0     0     0     0
                 0     0     0     0     0     0     0     0
                79    17     0     0     0     0     0     0
ispt(107) =      0     0     0   303   361   455   541   631
               721   842     0     0     0     0     0     0
                 0     0     0     0     0     0     0     0
              2186  2251     0     0     0     0     0     0
iipe(107) =      0     0     0    58    79    86    90    90
                76    22     0     0     0     0     0     0
                 0     0     0     0     0     0     0     0
                65    13     0     0     0     0     0     0
ispt(108) =      0     0     0   303   361   466   541   631
               721     0   913     0     0     0     0     0
                 0     0     0     0     0     0     0     0
              2167  2251     0     0     0     0     0     0
iipe(108) =      0     0     0    58    78    75    90    90
                79     0    28     0     0     0     0     0
                 0     0     0     0     0     0     0     0
                84    12     0     0     0     0     0     0
ispt(109) =      0     0     0   303   361   482   541   631
               721   893   901     0     0     0     0     0
                 0     0     0     0     0     0     0  2102
              2161     0     0     0     0     0     0     0
iipe(109) =      0     0     0    58    66    59    90    90
                87     8    45     0     0     0     0     0
                 0     0     0     0     0     0     0    59
                83     0     0     0     0     0     0     0
ispt(110) =      0     0     0   311   361   492   541   631
               721   811   901     0     0     0     0     0
                 0     0     0     0     0     0  2066  2071
              2161     0     0     0     0     0     0     0
iipe(110) =      0     0     0    50    68    49    90    90
                90    90    45     0     0     0     0     0
                 0     0     0     0     0     0     5    90
                83     0     0     0     0     0     0     0
ispt(111) =      0     0     0   315   361     0   548   631
               721   811   930     0     0     0     0     0
                 0     0     0     0     0     0  2063  2071
              2161  2251     0     0     0     0     0     0
iipe(111) =      0     0     0    46    72     0    83    90
                90    22    25     0     0     0     0     0
                 0     0     0     0     0     0     8    90
                90     3     0     0     0     0     0     0
ispt(112) =      0     0     0   317   361     0   596   631
               721   811   901     0     0     0     0     0
                 0     0     0     0     0     0  2035  2071
              2161  2251     0     0     0     0     0     0
iipe(112) =      0     0     0    44    78     0    35    90
                90    90    58     0     0     0     0     0
                 0     0     0     0     0     0    36    90
                90    49     0     0     0     0     0     0
ispt(113) =      0     0     0   291   361     0   601   631
               721   811   901     0     0     0     0     0
                 0     0     0     0     0     0  2031  2071
              2161  2251  2341     0     0     0     0     0
iipe(113) =      0     0     0    70    82     0    30    90
                90    90    64     0     0     0     0     0
                 0     0     0     0     0     0    40    90
                90    90    30     0     0     0     0     0
ispt(114) =      0     0     0   289   361   451   610   631
               721   811   901     0     0     0     0     0
                 0     0     0     0     0     0  2025  2071
              2161  2251  2341     0     0     0     0     0
iipe(114) =      0     0     0    72    90     5    21    90
                90    90    63     0     0     0     0     0
                 0     0     0     0     0     0    46    90
                90    90    31     0     0     0     0     0
ispt(115) =      0     0     0   290   361   451   621   631
               721   811   901     0     0     0     0     0
                 0     0     0     0     0     0  1981  2071
              2161  2251  2341     0     0     0     0     0
iipe(115) =      0     0     0    71    90    42    10    90
                90    90    66     0     0     0     0     0
                 0     0     0     0     0     0    90    90
                90    90    39     0     0     0     0     0
ispt(116) =      0   135     0   293   361   451     0   643
               721   811   901     0     0     0     0     0
                 0     0     0     0     0  1949  1981  2071
              2161  2251  2341     0     0     0     0     0
iipe(116) =      0    25     0    68    90    51     0    78
                90    90    82     0     0     0     0     0
                 0     0     0     0     0    32    90    90
                90    90    64     0     0     0     0     0
ispt(117) =      0   134     0   305   361   451     0   647
               721   811   901   991     0     0     0     0
                 0     0     0     0     0  1949  1981  2071
              2161  2251  2341     0     0     0     0     0
iipe(117) =      0    36     0    56    90    57     0    74
                90    90    90     6     0     0     0     0
                 0     0     0     0     0    32    90    90
                90    90    73     0     0     0     0     0
ispt(118) =      0   136   181   311   361   451     0   653
               721   811   901   991     0     0     0     0
                 0     0     0     0     0  1952  1981  2071
              2161  2251  2341  2431     0     0     0     0
iipe(118) =      0    45    57    50    90    59     0    68
                90    90    90     6     0     0     0     0
                 0     0     0     0     0    29    90    90
                90    90    90     5     0     0     0     0
ispt(119) =      0   141   181   316   385   451     0   657
               721   811   901   991     0     0     0     0
                 0     0     0     0     0  1951  1981  2071
              2161  2251  2341  2431     0     0     0     0
iipe(119) =      0    40    66    29    66    68     0    64
                90    90    90    10     0     0     0     0
                 0     0     0     0     0    30    90    90
                90    90    90    37     0     0     0     0
ispt(120) =      0   144   181   271   420   451     0   668
               721   811   901   991     0     0     0     0
                 0     0     0     0     0  1943  1981  2071
              2161  2251  2341  2431     0     0     0     0
iipe(120) =      0    37    90    76    31    83     0    53
                90    90    90    33     0     0     0     0
                 0     0     0     0     0    38    90    90
                90    90    90    41     0     0     0     0
ispt(121) =      0   155   181   271   361   451   541   662
               721   811   901   991     0     0     0     0
                 0     0     0     0     0  1942  1981  2071
              2161  2251  2341  2431     0     0     0     0
iipe(121) =      0    26    90    90    90    90     3    59
                90    90    90    33     0     0     0     0
                 0     0     0     0     0    39    90    90
                90    90    90    52     0     0     0     0
ispt(122) =      0   169   181   271   361   451   541   654
               721   811   901  1002     0     0     0     0
                 0     0     0     0     0  1935  1981  2071
              2161  2251  2341  2456     0     0     0     0
iipe(122) =      0    12    90    90    90    90     3    67
                90    90    78    48     0     0     0     0
                 0     0     0     0     0    46    90    90
                90    90    67    26     0     0     0     0
ispt(123) =      0   178   181   271   361   451     0   631
               721   811   901   991     0     0     0     0
                 0     0     0     0     0  1919  1981  2071
              2161  2251  2341  2456     0     0     0     0
iipe(123) =      0     3    90    90    90    90     0    90
                90    90    90    56     0     0     0     0
                 0     0     0     0     0    62    90    90
                90    90    84    34     0     0     0     0
ispt(124) =      0   178   181   271   361   454   541   631
               721   811   901   991     0     0     0     0
                 0     0     0     0     0  1917  1981  2071
              2161  2251  2341  2431     0     0     0     0
iipe(124) =      0     3    90    90    71    87    90    90
                90    90    90    49     0     0     0     0
                 0     0     0     0     0    64    90    90
                90    90    90    62     0     0     0     0
ispt(125) =      0   178   181   271   361   458   541   631
               721   811   901   991     0     0     0     0
                 0     0     0     0     0  1967  1981  2071
              2161  2251  2341  2431     0  2615     0     0
iipe(125) =      0     3    90    90    71    83    90    90
                90    90    90    13     0     0     0     0
                 0     0     0     0     0    14    90    90
                90    90    90    64     0    31     0     0
ispt(126) =      0     0   184   271   361   458   541   631
               721   811   901   991     0     0     0     0
                 0     0     0     0     0  1953  1981  2071
              2161  2251  2341  2431  2595  2611     0     0
iipe(126) =      0     0    87    90    61    83    90    90
                90    90    90     6     0     0     0     0
                 0     0     0     0     0    28    90    90
                90    90    90    76    16    64     0     0
ispt(127) =      0     0   188   271   361   451   541   631
               721   811   901   991     0     0     0     0
                 0     0     0     0     0  1950  1981  2071
              2161  2251  2341  2431  2579  2611     0     0
iipe(127) =      0     0    83    90    90    90    90    90
                90    90    90     6     0     0     0     0
                 0     0     0     0     0    31    90    90
                90    90    90    75    32    66     0     0
ispt(128) =      0     0   181   271   361   451   541   631
               721   811   901     0     0     0     0     0
                 0     0     0     0     0  1891  1981  2071
              2161  2251  2341  2431  2521  2611     0     0
iipe(128) =      0     0    90    90    90    90    90    90
                90    90    90     0     0     0     0     0
                 0     0     0     0     0    90    90    90
                90    90    90    90    90    90     0     0
 
jspt(  1) =      1    17    33    49    65    81    97   113
               130   147   164   181   198   215   232   249
               266   283   300   317   334   351   368   385
               402   419   436   453   470   487   504   521
               538   555   572   589   606   623   640   657
               674   691   708   725   742   759   776   793
               810   827   844   861   878   895   912   929
               946   963   980   997  1014  1031  1048  1065
              1082  1099  1116  1133  1150  1167  1184  1201
              1218  1235  1252  1269  1286  1303  1320  1337
              1354  1371  1388  1405  1422  1439  1456  1473
              1490  1507  1524  1541  1558  1575  1592  1609
              1626  1643  1660  1677  1694  1711  1728  1745
              1762  1779  1796  1813  1830  1847  1864  1881
              1898  1915  1932  1949  1966  1983  2000  2017
              2034  2050  2066  2082  2098  2114  2130  2146
jjpe(  1) =     16    16    16    16    16    16    16    17
                17    17    17    17    17    17    17    17
                17    17    17    17    17    17    17    17
                17    17    17    17    17    17    17    17
                17    17    17    17    17    17    17    17
                17    17    17    17    17    17    17    17
                17    17    17    17    17    17    17    17
                17    17    17    17    17    17    17    17
                17    17    17    17    17    17    17    17
                17    17    17    17    17    17    17    17
                17    17    17    17    17    17    17    17
                17    17    17    17    17    17    17    17
                17    17    17    17    17    17    17    17
                17    17    17    17    17    17    17    17
                17    17    17    17    17    17    17    17
                16    16    16    16    16    16    16    16
