  npes   npe   mpe   idm   jdm  ibig  jbig  nreg  minsea  maxsea  avesea
    36     6     6   163   150    53    32     4     426     468     450

ispt(  1) =      9    50    73    95   118   140
iipe(  1) =     41    23    22    23    22    24
ispt(  2) =      1    29    69    92   114   136
iipe(  2) =     28    40    23    22    22    24
ispt(  3) =      1    24    51    76   116   139
iipe(  3) =     23    27    25    40    23    25
ispt(  4) =      1    54    92   112   126   140
iipe(  4) =     53    38    20    14    14    24
ispt(  5) =     38    77    91   105   120   134
iipe(  5) =     39    14    14    15    14    17
ispt(  6) =     25    53    72    90   114   134
iipe(  6) =     28    19    18    24    20    30
 
jspt(  1) =      1    21    42    63    95   127
jjpe(  1) =     20    21    21    32    32    24
