  npes   npe   mpe   idm   jdm  ibig  jbig  nreg  minsea  maxsea  avesea
  1197    40    40  1440  1153    36    29     2       0    1044     831

ispt(  1) =      0     0     0     0     0     0     0   266
               289     0     0     0     0     0     0     0
                 0     0     0     0     0     0     0     0
                 0     0     0     0     0     0     0     0
                 0  1211  1225     0     0     0     0     0
iipe(  1) =      0     0     0     0     0     0     0    23
                 5     0     0     0     0     0     0     0
                 0     0     0     0     0     0     0     0
                 0     0     0     0     0     0     0     0
                 0    14     9     0     0     0     0     0
ispt(  2) =      0     0     0     0     0     0   234   253
               289     0     0     0     0     0     0     0
                 0     0     0     0     0     0     0     0
                 0     0     0     0     0     0  1090  1117
              1153  1189  1225  1261     0     0     0     0
iipe(  2) =      0     0     0     0     0     0    19    36
                31     0     0     0     0     0     0     0
                 0     0     0     0     0     0     0     0
                 0     0     0     0     0     0    27    36
                36    36    36    18     0     0     0     0
ispt(  3) =      0     0     0     0     0   200   217   253
               289   325     0     0     0     0     0     0
                 0     0     0     0     0     0     0     0
                 0     0     0     0     0     0  1090  1117
              1153  1189  1225  1261  1297     0     0     0
iipe(  3) =      0     0     0     0     0    17    36    36
                36    18     0     0     0     0     0     0
                 0     0     0     0     0     0     0     0
                 0     0     0     0     0     0    27    36
                36    36    36    36    33     0     0     0
ispt(  4) =      1     0    98   109   145   193   217   253
               289   325   361     0     0     0     0     0
                 0     0     0     0     0     0     0     0
                 0     0     0     0     0     0  1091  1117
              1153  1189  1225  1261  1297  1333  1369  1405
iipe(  4) =     36     0    11    36     6    24    36    36
                36    36     3     0     0     0     0     0
                 0     0     0     0     0     0     0     0
                 0     0     0     0     0     0    26    36
                36    36    36    36    36    36    36    36
ispt(  5) =      1    37    73   109   145   198   217   253
               289   325   361   397   433     0   517   541
                 0     0     0   713   721     0     0     0
                 0     0     0     0     0     0  1109  1117
              1153  1189  1225  1261  1297  1333  1369  1405
iipe(  5) =     36    36    36    36     7    19    36    36
                36    36    36    36    26     0    24    12
                 0     0     0     8     9     0     0     0
                 0     0     0     0     0     0     8    36
                36    36    36    36    36    36    36    36
ispt(  6) =      1    37    73   109   145   195   217   253
               289   325   361   397   433   469   505   541
               577     0     0   714   721   757     0     0
                 0     0     0     0  1027  1045  1081  1117
              1153  1189  1225  1261  1297  1333  1369  1405
iipe(  6) =     36    36    36    36    29    22    36    36
                36    36    36    36    36    36    36    36
                36     0     0     7    36     3     0     0
                 0     0     0     0    18    36    36    36
                36    36    36    36    36    36    36    36
ispt(  7) =      1    37    73   109   145   181   217   253
               289   325   361   397   433   469   505   541
               577   613   649   685   721   757   793   829
               865   901   937   973  1009  1045  1081  1117
              1153  1189  1225  1261  1297  1333  1369  1405
iipe(  7) =     36    36    36    36    36    36    36    36
                36    36    36    36    36    36    36    36
                36    36    36    36    36    36    36    36
                36    36    36    36    36    36    36    36
                36    36    36    36    36    36    36    36
ispt(  8) =      1    37    73   109   145   181   217   253
               289   325   361   397   433   469   505   541
               577   613   649   685   721   757   793   829
               865   901   937   973  1009  1045  1081  1117
              1153  1189  1225  1261  1297  1333  1369  1405
iipe(  8) =     36    36    36    36    36    36    36    36
                36    36    36    36    36    36    36    36
                36    36    36    36    36    36    36    36
                36    36    36    36    36    36    36    36
                36    36    36    36    36    36    36    36
ispt(  9) =      1    37    73   109   145   181   217   253
               289   325   361   397   433   469   505   541
               577   613   649   685   721   757   793   829
               865   901   937   973  1009  1045  1081  1117
              1153  1189  1225  1261  1297  1333  1369  1405
iipe(  9) =     36    36    36    36    36    36    36    36
                36    36    36    36    36    36    36    36
                36    36    36    36    36    36    36    36
                36    36    36    36    36    36    36    36
                36    36    36    36    36    36    36    36
ispt( 10) =      1    37    73   109   145   181   217   253
               289   325   361   397   433   469   505   541
               577   613   649   685   721   757   793   829
               865   901   937   973  1009  1045  1081  1117
              1153  1189  1225  1261  1297  1333  1369  1405
iipe( 10) =     36    36    36    36    36    36    36    36
                36    36    36    36    36    36    36    36
                36    36    36    36    36    36    36    36
                36    36    36    36    36    36    36    36
                36    36    36    36    36    36    36    36
ispt( 11) =      1    37    73   109   145   181   217   253
               289   325   361   397   433   469   505   541
               577   613   649   685   721   757   793   829
               865   901   937   973  1009  1045  1081  1117
              1153  1189  1225  1261  1297  1333  1369  1405
iipe( 11) =     36    36    36    36    36    36    36    36
                36    36    36    36    36    36    36    36
                36    36    36    36    36    36    36    36
                36    36    36    36    36    36    36    36
                36    36    36    36    36    36    36    36
ispt( 12) =      1    37    73   109   145   181   217   253
               289   325   361   397   433   469   505   541
               577   613   649   685   721   757   793   829
               865   901   937   973  1009  1045  1081  1117
              1153  1189  1225  1261  1297  1333  1369  1405
iipe( 12) =     36    36    36    36    36    36    36    36
                36    36    36    36    36    36    36    36
                36    36    36    36    36    36    36    36
                36    36    36    36    36    36    36    36
                36    36    36    36    36    36    36    36
ispt( 13) =      1    37    73   109   145   181   217   253
               289   325   361   397   433   469   505   541
               577   613   649   685   721   757   793   829
               865   901   937   973  1009  1045  1081  1117
              1153  1189  1225  1261  1297  1333  1369  1405
iipe( 13) =     36    36    36    36    36    36    36    36
                36    36    36    36    36    36    36    36
                36    36    36    36    36    36    36    36
                36    36    36    36    36    36    36    36
                36    36    36    36    36    36    36    36
ispt( 14) =      1    37    73   109   145   181   217   253
               289   325   361   397   433   469   505   541
               577   613   649   685   721   757   793   829
               865   901   937   973  1009  1045  1081  1117
              1153  1189  1225  1261  1297  1333  1369  1405
iipe( 14) =     36    36    36    36    36    36    36    36
                36    36    36    36    36    36    36    36
                36    36    36    36    36    36    36    36
                36    36    36    36    36    36    36    36
                36    36    36    36    36    36    36    36
ispt( 15) =      1    37    73   109   145   211   217   253
               289   325   361   397   433   469   505   541
               577   613   649   685   721   757   793   829
               865   901   937   973  1042  1045  1081  1117
              1153  1189  1225  1261  1297  1333  1369  1405
iipe( 15) =     36    36    36    36    12     6    36    36
                36    36    36    36    36    36    36    36
                36    36    36    36    36    36    36    36
                36    36    36    23     3    36    36    36
                36    36    36    36    36    36    36    36
ispt( 16) =      1    37    73   109   145     0   242   253
               289   325   361   397   433   469   505   566
               577   613   649   685   721   757   793   829
               865   901     0     0  1038  1045  1081  1117
              1153  1189  1225  1261  1297  1333  1369  1405
iipe( 16) =     36    36    36    36    16     0    11    36
                36    36    36    36    36    36     4    11
                36    36    36    36    36    36    36    36
                36     3     0     0     7    36    36    36
                36    36    36    36    36    36    36    36
ispt( 17) =      1    37    73   109   145     0     0   272
               289   325   361   397   433   469     0     0
               577   613   649   685   721   757   793   829
               865   901   937   982  1009  1045  1081  1117
              1153  1189  1225  1261  1297  1333  1369  1405
iipe( 17) =     36    36    36    36    17     0     0    17
                36    36    36    36    36    31     0     0
                36    36    36    36    36    36    36    36
                36    36    23    27    36    36    36    36
                36    36    36    36    36    36    36    36
ispt( 18) =      1    37    73   109     0     0     0   284
               289   325   361   397   433   469     0     0
               597   613   649   685   721   757   793   829
               865   901   937   973  1009  1045  1081  1117
              1153  1189  1225  1261  1297  1333  1369  1405
iipe( 18) =     36    36    36    36     0     0     0     5
                36    36    36    36    36    28     0     0
                16    36    36    36    36    36    36    36
                36    36    36    36    36    36    36    36
                36    36    36    36    36    36    36    36
ispt( 19) =      1    37    73   109     0     0   244   253
               289   325   361   397   433   469     0     0
               595   613   649   685   721   757   793   829
               865   901   937   973  1009  1045  1081  1117
              1153  1189  1225  1261  1297  1333  1369  1405
iipe( 19) =     36    36    36    18     0     0     9    36
                36    36    36    36    36    26     0     0
                18    36    36    36    36    36    36    36
                36    36    36    36    36    36    36    36
                36    36    36    36    36    36    36    36
ispt( 20) =      1    37    73   109     0   207   217   253
               289   325   361   397   433   469     0     0
               607   613   649   685   721   757   793   829
               865   901   937   973  1009  1045  1081  1117
              1153  1189  1225  1261  1297  1333  1369  1405
iipe( 20) =     36    36    36    24     0    10    36    36
                36    36    36    36    36    12     0     0
                 6    36    36    36    36    36    36    36
                36    36    36    36    36    36    36    36
                36    36    36    36    36    36    36    36
ispt( 21) =      1    37    73   109   145   181   217   253
               289   325   361   397   441     0     0     0
               607   613   649   685   721   757   793   829
               865   901   937   973  1009  1045  1081  1117
              1153  1189  1225  1261  1297  1333  1369  1405
iipe( 21) =     36    36    36    36    36    36    36    36
                36    36    36     5    21     0     0     0
                 6    36    36    36    36    36    36    36
                36    36    36    36    36    36    36    36
                36    36    36    36    36    36    36    36
ispt( 22) =      1    37    73   109   145   181   217   253
               289   325   361     0     0     0     0     0
               589   613   649   685   721   760   793   829
               865   901   937   973  1009  1045  1081  1117
              1153  1189  1225  1261  1297  1333  1369  1405
iipe( 22) =     36    36    36    36    36    36    36    36
                36    36    17     0     0     0     0     0
                24    36    36    36    20    33    36    36
                36    36    36    36    36    36    36    36
                36    36    36    36    36    36    36    36
ispt( 23) =      1    49    73   109   145   181   217   253
               289   325   361     0     0     0     0   574
               577   637   649   685   721   784   793   862
               865   901   937   973  1009  1045  1081  1117
              1153  1189  1225  1261  1297  1333  1369  1405
iipe( 23) =     20    24    36    36    36    36    36    36
                36    36    28     0     0     0     0     3
                27    12    36    36    12     9    23     3
                36    36    36    36    36    36    36    36
                36    36    36    36    36    36    36    36
ispt( 24) =      1    50    73   109   145   181   217   253
               289   325   361   397     0   482   505   541
               577   633   649     0     0     0     0     0
                 0   919   937   973  1009  1045  1081  1117
              1153  1189  1225  1261  1297  1333  1369  1405
iipe( 24) =      4    23    36    36    36    36    36    36
                36    36    36    17     0    23    36    36
                10    16    21     0     0     0     0     0
                 0    18    36    36    36    36    36    36
                36    36    36    36    36    36    36    36
ispt( 25) =      0     0     0   121   145   181   217   253
               289   325   361   397   433   469   505   541
               577     0     0     0     0     0     0     0
                 0   911   937   973  1009  1045  1081  1117
              1153  1189  1225  1261  1297  1333  1369  1405
iipe( 25) =      0     0     0    24    36    36    36    36
                36    36    36    36    36    36    36    36
                 9     0     0     0     0     0     0     0
                 0    26    36    36    36    36    36    36
                36    36    36    36    36    36    36     8
ispt( 26) =      0     0     0   140   145   181   217   253
               289   325   361   397   433   469   505   541
               577     0     0     0     0     0     0     0
                 0   911   937   973  1009  1045  1081  1117
              1153  1189  1225  1261  1297  1333  1369     0
iipe( 26) =      0     0     0     5    36    36    36    36
                36    36    36    36    36    36    36    36
                32     0     0     0     0     0     0     0
                 0    26    36    36    36    36    36    36
                36    36    36    36    36    36    19     0
ispt( 27) =      0     0     0     0   162   181   217   253
               289   325   361   397   433   473     0   555
               577     0     0     0     0     0     0     0
                 0     0     0   983  1009  1045  1081  1117
              1153  1189  1225  1261  1297  1333  1369     0
iipe( 27) =      0     0     0     0    19    36    36    36
                36    36    36    36    12    29     0    22
                22     0     0     0     0     0     0     0
                 0     0     0    26    36    36    36    36
                36    36    36    36    36    36    22     0
ispt( 28) =      0     0     0   113   164   181   217   253
               289   325   361   397   433   469     0     0
                 0     0     0     0     0     0     0     0
                 0     0     0   988  1009  1045  1081  1117
              1153  1189  1225  1261  1297  1333  1369     0
iipe( 28) =      0     0     0    15    17    36    36    36
                36    36    36    36    36    29     0     0
                 0     0     0     0     0     0     0     0
                 0     0     0    21    36    36    36    36
                36    36    36    36    36    36    22     0
ispt( 29) =      0     0    97   109     0   198   217   253
               289   325   361   397   433   469   505     0
                 0     0     0     0     0     0     0     0
                 0     0     0   983  1009  1045  1081  1117
              1153  1189  1225  1261  1297  1333     0     0
iipe( 29) =      0     0    12    30     0    19    36    36
                36    36    36    36    36    36    30     0
                 0     0     0     0     0     0     0     0
                 0     0     0    26    36    36    36    36
                36    36    36    36    36    36     0     0
ispt( 30) =      0    70    73   109   168   181   217   253
               289   325   361   397   433   469   505   541
                 0     0     0     0     0     0     0     0
                 0     0     0  1002  1009  1045  1081  1117
              1153  1189  1225  1261  1297  1333     0     0
iipe( 30) =      0     3    36    30    13    36    36    36
                36    36    36    36    36    36    36     9
                 0     0     0     0     0     0     0     0
                 0     0     0     7    36    36    36    36
                36    36    36    36    36    20     0     0
ispt( 31) =      0    65    73   109   161   181   217   253
               289   325   361   397   433   469   505   541
                 0     0     0     0     0     0     0     0
                 0     0     0     0     0  1070  1081  1131
              1153  1189  1225  1261  1297  1333     0     0
iipe( 31) =      0     8    36    32    20    36    36    36
                36    36    36    36    36    36    36    14
                 0     0     0     0     0     0     0     0
                 0     0     0     0     0    11    19    22
                36    36    36    36    36     6     0     0
ispt( 32) =      0    66    73   109   145   181   217   286
               289   325   361   397   433   469   505   569
                 0     0     0     0     0     0     0     0
                 0     0     0     0     0     0  1112  1117
              1153  1189  1225     0     0     0     0     0
iipe( 32) =      0     7    36    36    36    36    28     3
                36    36    36    36    36    36    21     8
                 0     0     0     0     0     0     0     0
                 0     0     0     0     0     0     5    36
                36    36     3     0     0     0     0     0
ispt( 33) =      0    70    73   109   145   181   217   253
                 0   333   361   397   433   469   512   541
               577     0     0     0     0     0     0     0
                 0     0     0     0     0  1049  1081  1117
              1153  1189     0     0     0     0     0     0
iipe( 33) =      0     3    36    36    36    36    36    11
                 0    28    36    36    36    17    29    36
                 5     0     0     0     0     0     0     0
                 0     0     0     0     0    32    36    36
                36    32     0     0     0     0     0     0
ispt( 34) =      0     0    88   109   145   181   217   253
                 0   345   361   397   433   469   505   541
               577     0     0     0     0     0     0     0
                 0     0     0   986  1009  1045  1081  1117
              1153  1189  1225     0     0     0     0     0
iipe( 34) =      0     0    21    36    36    36    36    11
                 0    16    36    36    36    36    36    36
                12     0     0     0     0     0     0     0
                 0     0     0    23    36    36    36    36
                36    36    13     0     0     0     0     0
ispt( 35) =      0     0     0   109   145   181   217   253
                 0   357   361   397   433   469   505   541
               577     0     0     0     0     0     0     0
                 0     0   951   973  1009  1045  1081  1117
              1153  1189  1225  1261     0     0     0     0
iipe( 35) =      0     0     0    36    36    36    36    12
                 0     4    36    36    36    36    36    36
                20     0     0     0     0     0     0     0
                 0     0    22    36    36    36    36    36
                36    36    36    31     0     0     0     0
ispt( 36) =      0     0     0   128   145   181   217   253
                 0   357   361   397   433   469   505   541
               577     0     0     0     0     0     0     0
                 0   932   937   973  1009  1045  1081  1117
              1153  1189  1225  1261  1297     0     0     0
iipe( 36) =      0     0     0    17    36    36    36    11
                 0     4    36    36    36    36    36    36
                23     0     0     0     0     0     0     0
                 0     5    36    36    36    36    36    36
                36    36    36    36     4     0     0     0
ispt( 37) =      0     0   103   109   145   181   217   253
               312   344   361   397   433   469   505   541
               577     0     0     0     0     0     0     0
                 0   934   937   973  1009  1045  1081  1117
              1153  1189  1225  1261  1297     0     0     0
iipe( 37) =      0     0     6    36    36    36    36    29
                10    17    36    36    36    36    36    36
                32     0     0     0     0     0     0     0
                 0     3    36    36    36    36    36    36
                36    36    36    36    21     0     0     0
ispt( 38) =      0     0    94   109   145   181   217   253
               289   325   361   397   433   469   505   541
               577   613     0     0     0     0   811   854
               865   901   937   973  1009  1045  1081  1117
              1153  1189  1225  1261  1297     0     0     0
iipe( 38) =      0     0    15    36    36    36    36    36
                36    36    36    36    36    36    36    36
                36     3     0     0     0     0    13    11
                36    36    36    36    36    36    36    36
                36    36    36    36    33     0     0     0
ispt( 39) =      0     0    94   109   145   181   217   253
               289   325   361   397   433   469   505   541
               577   613     0     0     0     0   793   829
               865   901   937   973  1009  1045  1081  1117
              1153  1189  1225  1261  1297  1333     0     0
iipe( 39) =      0     0    15    36    36    36    36    36
                36    36    36    36    36    36    36    36
                36     3     0     0     0     0    36    36
                36    36    36    36    36    36    36    36
                36    36    36    36    36    21     0     0
ispt( 40) =      0     0    73   109   145   181   217   253
               289   325   361   397   433   469   505   541
               577   613   649     0     0   757   793   829
               865   901   937   973  1009  1045  1081  1117
              1153  1189  1225  1261  1297  1333     0     0
iipe( 40) =      0     0    36    36    36    36    36    36
                36    36    36    36    36    36    36    36
                36    36    36     0     0    36    36    36
                36    36    36    36    36    36    36    36
                36    36    36    36    36    36     0     0
 
jspt(  1) =      1    29    57    85   114   143   172   201
               230   259   288   317   346   375   404   433
               462   491   520   549   578   607   636   665
               694   723   752   781   810   839   868   897
               926   955   984  1013  1042  1070  1098  1126
jjpe(  1) =     28    28    28    29    29    29    29    29
                29    29    29    29    29    29    29    29
                29    29    29    29    29    29    29    29
                29    29    29    29    29    29    29    29
                29    29    29    29    28    28    28    28
