  npes   npe   mpe   idm   jdm  ibig  jbig  nreg  minsea  maxsea  avesea
   216    20    14   360   385    36    28     2       0     506     420

ispt(  1) =      1     0    49    73     0     0     0     0
                 0     0     0     0     0     0   271   307
               343     0     0     0
iipe(  1) =      8     0    24    18     0     0     0     0
                 0     0     0     0     0     0    36    36
                18     0     0     0
ispt(  2) =      1    19    37    55    73    91   109   127
               163   199   235   271   289   307   325   343
                 0     0     0     0
iipe(  2) =     18    18    18    18    18    18    18    36
                36    36    36    18    18    18    18    18
                 0     0     0     0
ispt(  3) =      1    19    37    55    73    91   109   127
               145   163   181   199   217   235   253   271
               289   307   325   343
iipe(  3) =     18    18    18    18    18    18    18    18
                18    18    18    18    18    18    18    18
                18    18    18    18
ispt(  4) =      1    19    37    55    73    91   109   127
               145   163   181   199   217   235   253   271
               289   307   325   343
iipe(  4) =     18    18    18    18    18    18    18    18
                18    18    18    18    18    18    18    18
                18    18    18    18
ispt(  5) =      1    19    37    73    91   109   145   163
               181   199   217   253   271   289   307   325
               343     0     0     0
iipe(  5) =     18    18    36    18    18    36    18    18
                18    18    36    18    18    18    18    18
                18     0     0     0
ispt(  6) =      1    19     0    71    91   109     0   149
               163   181   199   217   235   253   271   289
               307   325   343     0
iipe(  6) =     18    18     0    20    18    18     0    14
                18    18    18    18    18    18    18    18
                18    18    18     0
ispt(  7) =      1    19     0    60    73    91   109     0
               149   163   181   199   217   235   253   271
               289   307   325   343
iipe(  7) =     18    14     0    13    18    18    15     0
                14    18    18    18    18    18    18    18
                18    18    18    18
ispt(  8) =      1    19    55    73    91   109     0   154
               163   181   199   217   235   253   271   289
               307   325   343     0
iipe(  8) =     18    36    18    18    18    13     0     9
                18    18    18    18    18    18    18    18
                18    18    18     0
ispt(  9) =      1    19    37    55    73    91     0     0
               148   163   181   199   217   235   253   271
               289   307   325   343
iipe(  9) =     18    18    18    18    18     8     0     0
                15    18    18    18    18    18    18    18
                18    18    18    18
ispt( 10) =      1    37    55    73    91   127   163   199
               235   253   271   289   307   325   343     0
                 0     0     0     0
iipe( 10) =     36    18    18    18    36    36    36    36
                18    18    18    18    18    18    18     0
                 0     0     0     0
ispt( 11) =      0    25    61    79    97   115   151     0
                 0     0   229   265   283   301   319   337
                 0     0     0     0
iipe( 11) =      0    36    18    18    18    36    15     0
                 0     0    36    18    18    18    18    13
                 0     0     0     0
ispt( 12) =      0    16    39    57    75    93   111     0
                 0     0     0   247   271   289   307     0
                 0     0     0     0
iipe( 12) =      0    23    18    18    18    18    36     0
                 0     0     0    24    18    18    36     0
                 0     0     0     0
ispt( 13) =      0    18    49     0    86    99   117   135
                 0     0     0     0   238   256   274   292
               310     0     0     0
iipe( 13) =      0    31    18     0    13    18    18    18
                 0     0     0     0    18    18    18    18
                18     0     0     0
ispt( 14) =      0    19    37    55    73    91   109   127
               145   163   181   199   217   235   253   271
               289   307   325     0
iipe( 14) =      0    18    18    18    18    18    18    18
                18    18    18    18    18    18    18    18
                18    18    18     0
 
jspt(  1) =      1    28    55    82   110   138   166   194
               222   250   278   305   332   359
jjpe(  1) =     27    27    27    28    28    28    28    28
                28    28    27    27    27    27
