  npes   npe   mpe   idm   jdm  ibig  jbig  nreg  minsea  maxsea  avesea
   186    12    20   360   385    60    20     2       1     600     488

ispt(  1) =      0    54     0     0     0     0     0     0
               271     0     0     0
iipe(  1) =      0    31     0     0     0     0     0     0
                54     0     0     0
ispt(  2) =      1    61   121     0   179     0     0   271
               301   331     0     0
iipe(  2) =     60    60    23     0     5     0     0    30
                30    30     0     0
ispt(  3) =      1    31    61    91   121   151   181   241
               271   301   331     0
iipe(  3) =     30    30    30    30    30    30    60    30
                30    30    30     0
ispt(  4) =      1    31    61    91   121   151   181   211
               241   271   301   331
iipe(  4) =     30    30    30    30    30    30    30    30
                30    30    30    30
ispt(  5) =      1    31    61    91   121   151   181   211
               241   271   301   331
iipe(  5) =     30    30    30    30    30    30    30    30
                30    30    30    30
ispt(  6) =      1    31    61    91   121   151   181   211
               241   271   301   331
iipe(  6) =     30    30    30    30    30    30    30    30
                30    30    30    30
ispt(  7) =      1    32    91   121   151   181   211   241
               271   301   331     0
iipe(  7) =     31    59    30    30    30    30    30    30
                30    30    30     0
ispt(  8) =      1    31    91   121   151   181   211   241
               271   301   331     0
iipe(  8) =     30    60    30    30    30    30    30    30
                30    30    30     0
ispt(  9) =      1    31    91   121   151   181   211   241
               271   301   331     0
iipe(  9) =     30    60    30    30    30    30    30    30
                30    30    30     0
ispt( 10) =      1    31    91   121   181   211   241   271
               301   331     0     0
iipe( 10) =     30    60    30    60    30    30    30    30
                30    30     0     0
ispt( 11) =      1    31    61    91   154   181   211   241
               271   301   331     0
iipe( 11) =     30    30    30    31    27    30    30    30
                30    30    30     0
ispt( 12) =      1    31    71     0   151   181   211   241
               271   301   331     0
iipe( 12) =     30    40    46     0    30    30    30    30
                30    30    30     0
ispt( 13) =      1    31    61    91   151   181   211   241
               271   301   331     0
iipe( 13) =     30    30    30    60    30    30    30    30
                30    30    30     0
ispt( 14) =      1    31    61    91   151   216   241   271
               301   331     0     0
iipe( 14) =     30    30    30    60    55    25    30    30
                30    30     0     0
ispt( 15) =      0    30    46    76   106     0   229   271
               301   331     0     0
iipe( 15) =      0    16    30    30    60     0    42    30
                30    24     0     0
ispt( 16) =     19    61    91     0     0     0   247   271
               301   331     0     0
iipe( 16) =     42    30    60     0     0     0    24    30
                30    17     0     0
ispt( 17) =     16    53    91   121     0     0     0   251
               311     0     0     0
iipe( 17) =     37    38    30    25     0     0     0    60
                27     0     0     0
ispt( 18) =     17    61   109     0     0   238   280     0
                 0     0     0     0
iipe( 18) =     44    48    42     0     0    42    44     0
                 0     0     0     0
ispt( 19) =      0    24    65   120     0   226   256   286
               316     0     0     0
iipe( 19) =      0    41    55    35     0    30    30    30
                16     0     0     0
ispt( 20) =      1    31    61    91   121   151   181   211
               241   271   301   331
iipe( 20) =     30    30    30    30    30    30    30    30
                30    30    30    30
 
jspt(  1) =      1    20    39    58    77    96   115   134
               154   174   194   214   234   253   272   291
               310   329   348   367
jjpe(  1) =     19    19    19    19    19    19    19    20
                20    20    20    20    19    19    19    19
                19    19    19    19
