  npes   npe   mpe   idm   jdm  ibig  jbig  nreg  minsea  maxsea  avesea
   315    20    21   360   385    36    19     2       0     343     288

ispt(  1) =      0     0     0    55     0     0     0     0
                 0     0     0     0     0     0   271   307
                 0     0     0     0
iipe(  1) =      0     0     0    29     0     0     0     0
                 0     0     0     0     0     0    36    18
                 0     0     0     0
ispt(  2) =      1    37    55    73   109     0     0   179
                 0     0     0     0     0   271   289   307
               326     0     0     0
iipe(  2) =     36    18    18    36     8     0     0     4
                 0     0     0     0     0    18    18    19
                35     0     0     0
ispt(  3) =      1    19    37    55    73    91   109   127
               145   181   217   253   271   289   307   325
               343     0     0     0
iipe(  3) =     18    18    18    18    18    18    18    18
                36    36    36    18    18    18    18    18
                18     0     0     0
ispt(  4) =      1    19    37    55    73    91   109   127
               145   163   181   199   217   235   253   271
               289   307   325   343
iipe(  4) =     18    18    18    18    18    18    18    18
                18    18    18    18    18    18    18    18
                18    18    18    18
ispt(  5) =      1    19    37    55    73    91   109   127
               145   163   181   199   217   235   253   271
               289   307   325   343
iipe(  5) =     18    18    18    18    18    18    18    18
                18    18    18    18    18    18    18    18
                18    18    18    18
ispt(  6) =      1    19    37    55    73    91   109   127
               145   163   181   199   217   235   253   271
               289   307   325   343
iipe(  6) =     18    18    18    18    18    18    18    18
                18    18    18    18    18    18    18    18
                18    18    18    18
ispt(  7) =      1    19    37    73    91   109   127   163
               181   199   217   253   271   289   307   325
               343     0     0     0
iipe(  7) =     18    18    36    18    18    18    36    18
                18    18    36    18    18    18    18    18
                18     0     0     0
ispt(  8) =      1    19    70    73    91   109     0   145
               163   181   199   217   235   253   271   289
               307   325   343     0
iipe(  8) =     18    23     3    18    18    18     0    18
                18    18    18    18    18    18    18    18
                18    18    18     0
ispt(  9) =      1    19     0     0    73    91   109     0
               149   163   181   199   217   235   253   271
               289   307   325   343
iipe(  9) =     18    15     0     0    18    18    18     0
                14    18    18    18    18    18    18    18
                18    18    18    18
ispt( 10) =      1    19     0    62    73    91   109     0
               149   163   181   199   217   235   253   271
               289   307   325   343
iipe( 10) =     18    13     0    11    18    18    15     0
                14    18    18    18    18    18    18    18
                18    18    18    18
ispt( 11) =      1    19     0    59    73    91   109     0
               152   163   181   199   217   235   253   271
               289   307   325   343
iipe( 11) =     18    18     0    14    18    18    13     0
                11    18    18    18    18    18    18    18
                18    18    18    18
ispt( 12) =      1    19    55    73    91     0   157   163
               181   199   217   235   253   271   289   307
               325   343     0     0
iipe( 12) =     18    36    18    18    31     0     6    18
                18    18    18    18    18    18    18    18
                18    18     0     0
ispt( 13) =      1    19    37    55    73    91     0     0
               150   163   181   199   217   235   253   271
               289   307   325   343
iipe( 13) =     18    18    18    18    18     8     0     0
                13    18    18    18    18    18    18    18
                18    18    18    18
ispt( 14) =      1    19    37    55    73    91     0     0
               145   163   181   217   235   253   271   289
               307   325   343     0
iipe( 14) =     18    18    18    18    18     7     0     0
                18    18    36    18    18    18    18    18
                18    18    18     0
ispt( 15) =      1    37    55    73    91   127   163     0
                 0   225   235   253   271   289   307   325
               343     0     0     0
iipe( 15) =     36    18    18    18    36    36    18     0
                 0    10    18    18    18    18    18    18
                18     0     0     0
ispt( 16) =      0    30    48    66    84   102   138     0
                 0     0   229   264   283   301   319   337
                 0     0     0     0
iipe( 16) =      0    18    18    18    18    36    28     0
                 0     0    35    19    18    18    18    13
                 0     0     0     0
ispt( 17) =      0    18    49    67    85   103   121     0
                 0     0     0     0   247   265   283   301
               321     0     0     0
iipe( 17) =      0    31    18    18    18    18    18     0
                 0     0     0     0    18    18    18    20
                25     0     0     0
ispt( 18) =      0    16    34    57    75    93   111     0
                 0     0     0     0   264   300     0     0
                 0     0     0     0
iipe( 18) =      0    18    23    18    18    18    36     0
                 0     0     0     0    36    36     0     0
                 0     0     0     0
ispt( 19) =      0    18    49     0    86   108   132     0
                 0     0     0   238   253   271   290     0
                 0     0     0     0
iipe( 19) =      0    31    18     0    22    24    18     0
                 0     0     0    15    18    19    35     0
                 0     0     0     0
ispt( 20) =      0    24    55    91   109   127   145     0
                 0     0   225   243   261   279   297   315
                 0     0     0     0
iipe( 20) =      0    31    36    18    18    18    10     0
                 0     0    18    18    18    18    18    18
                 0     0     0     0
ispt( 21) =      0    19    37    55    73    91   109   127
               145   163   181   199   217   235   253   271
               289   307   325     0
iipe( 21) =      0    18    18    18    18    18    18    18
                18    18    18    18    18    18    18    18
                18    18    18     0
 
jspt(  1) =      1    19    37    55    73    91   109   128
               147   166   185   204   223   242   260   278
               296   314   332   350   368
jjpe(  1) =     18    18    18    18    18    18    19    19
                19    19    19    19    19    18    18    18
                18    18    18    18    18
