  npes   npe   mpe   idm   jdm  ibig  jbig  nreg  minsea  maxsea  avesea
   140    11    13   320   384    30    30     1       1     892     643

ispt(  1) =      1    30    59    88   117   147   176   205
               234   263   292
iipe(  1) =     29    29    29    29    30    29    29    29
                29    29    29
ispt(  2) =      1    30    59    88   117   147   176   205
               234   263   292
iipe(  2) =     29    29    29    29    30    29    29    29
                29    29    29
ispt(  3) =      1    30    59    88   117   147   176   205
               234   263   292
iipe(  3) =     29    29    29    29    30    29    29    29
                29    29    29
ispt(  4) =      1    30    59    88   117   147   176   205
               234   263   292
iipe(  4) =     29    29    29    29    30    29    29    29
                29    29    29
ispt(  5) =      1    30    67    88   117   147   176   205
               234   263   292
iipe(  5) =     29    20    21    29    30    29    29    29
                29    29    29
ispt(  6) =      1    30    70    88   117   147   176   205
               234   263   316
iipe(  6) =     29    20    18    29    30    29    29    29
                29    26     5
ispt(  7) =      1    30    71    88   117   147   176   205
               234   263   306
iipe(  7) =     29    17    17    29    30    29    29    29
                29    26    15
ispt(  8) =      1    30    72    88   117   147   176   205
               234   263   292
iipe(  8) =     29    12    16    29    30    29    29    29
                29    29    29
ispt(  9) =      1     0    66    88   117   147   176   205
               234   263   292
iipe(  9) =     24     0    22    29    30    29    29    29
                29    29    29
ispt( 10) =      1    30    59    88   141   147   176   205
               234   263   292
iipe( 10) =     29    29    29     9     6    29    29    29
                29    29    29
ispt( 11) =      1    30    59     0     0   156   176   205
               234   281   292
iipe( 11) =     29    29    29     0     0    20    29    29
                12    11    29
ispt( 12) =      1    30    59    88   117   147   176   205
               234   263   292
iipe( 12) =     29    29    29    29    30    29    29    29
                29    29    29
ispt( 13) =      1    30    59    88   117   147   176   205
               234   263   292
iipe( 13) =     29    29    29    29    30    29    29    29
                29    29    29

jspt(  1) =      1    30    59    89   119   149   179   209
               239   269   298   327   356
jjpe(  1) =     29    29    30    30    30    30    30    30
                30    29    29    29    29
