  npes   npe   mpe   idm   jdm  ibig  jbig  nreg  minsea  maxsea  avesea
    72     8     9   320   384    40    43     1      68    1720    1250

ispt(  1) =      1    41    81   121   161   201   241   281
iipe(  1) =     40    40    40    40    40    40    40    40
ispt(  2) =      1    41    81   121   161   201   241   281
iipe(  2) =     40    40    40    40    40    40    40    40
ispt(  3) =      1    41    81   121   161   201   241   281
iipe(  3) =     40    40    40    40    40    40    40    40
ispt(  4) =      1    41    81   121   161   201   241   281
iipe(  4) =     40    40    40    40    40    40    40    40
ispt(  5) =      1    41    81   121   161   201   241   281
iipe(  5) =     40    40    40    40    40    40    40    40
ispt(  6) =      1    41    81   121   161   201   241   281
iipe(  6) =     40    40    40    40    40    40    40    40
ispt(  7) =      1    41    81   121   161   201   241   281
iipe(  7) =     40    40    40    40    40    40    40    40
ispt(  8) =      1    41    81   121   161   201   241   281
iipe(  8) =     40    40    40    40    40    40    40    40
ispt(  9) =      1    41    81   121   161   201   241   281
iipe(  9) =     40    40    40    40    40    40    40    40

jspt(  1) =      1    43    86   129   172   215   258   301
               343
jjpe(  1) =     42    43    43    43    43    43    43    42
                42
