  npes   npe   mpe   idm   jdm  ibig  jbig  nreg  minsea  maxsea  avesea
   109    10    11   320   384    32    35     1       0    1120     826

ispt(  1) =      1    33    65    97   129   161   193   225
               257   289
iipe(  1) =     32    32    32    32    32    32    32    32
                32    32
ispt(  2) =      1    33    65    97   129   161   193   225
               257   289
iipe(  2) =     32    32    32    32    32    32    32    32
                32    32
ispt(  3) =      1    33    65    97   129   161   193   225
               257   289
iipe(  3) =     32    32    32    32    32    32    32    32
                32    32
ispt(  4) =      1    33    65    97   129   161   193   225
               257   289
iipe(  4) =     32    32    32    32    32    32    32    32
                32    32
ispt(  5) =      1    33    70    97   129   161   193   225
               257   289
iipe(  5) =     32    17    27    32    32    32    32    32
                32    32
ispt(  6) =      1    33    71    97   129   161   193   225
               257   289
iipe(  6) =     32    14    26    32    32    32    32    32
                32    32
ispt(  7) =      1    33    70    97   129   161   193   225
               257   289
iipe(  7) =     32     9    27    32    32    32    32    32
                32    32
ispt(  8) =      1    50    65    97   129   161   193   225
               257   289
iipe(  8) =     28    15    32    32    32    32    32    32
                32    32
ispt(  9) =      1    33    65     0   141   161   193   225
               273   289
iipe(  9) =     32    32    23     0    20    32    32    29
                16    32
ispt( 10) =      1    33    65    97   129   161   193   225
               265   289
iipe( 10) =     32    32    32    32    32    32    32    29
                24    32
ispt( 11) =      1    33    65    97   129   161   193   225
               257   289
iipe( 11) =     32    32    32    32    32    32    32    32
                32    32

jspt(  1) =      1    36    71   106   141   176   211   246
               281   316   351
jjpe(  1) =     35    35    35    35    35    35    35    35
                35    35    34
