  npes   npe   mpe   idm   jdm  ibig  jbig  nreg  minsea  maxsea  avesea
    55     7     8   320   384    46    48     1     475    2208    1637

ispt(  1) =      1    47    93   139   185   231   276
iipe(  1) =     46    46    46    46    46    45    45
ispt(  2) =      1    47    93   139   185   231   276
iipe(  2) =     46    46    46    46    46    45    45
ispt(  3) =      1    47    93   139   185   231   276
iipe(  3) =     46    46    46    46    46    45    45
ispt(  4) =      1    47    93   139   185   231   276
iipe(  4) =     46    46    46    46    46    45    45
ispt(  5) =      1    47    93   139   185   231   276
iipe(  5) =     46    46    46    46    46    45    45
ispt(  6) =      1    47    93   139   185   231   276
iipe(  6) =     46    46    46    46    46    45    45
ispt(  7) =      1    47     0   139   185   231   276
iipe(  7) =     46    41     0    46    46    45    45
ispt(  8) =      1    47    93   139   185   231   276
iipe(  8) =     46    46    46    46    46    45    45

jspt(  1) =      1    49    97   145   193   241   289   337
jjpe(  1) =     48    48    48    48    48    48    48    48
