  npes   npe   mpe   idm   jdm  ibig  jbig  nreg  minsea  maxsea  avesea
   127    10    13   320   384    32    30     1       3     960     709

ispt(  1) =      1    33    65    97   129   161   193   225
               257   289
iipe(  1) =     32    32    32    32    32    32    32    32
                32    32
ispt(  2) =      1    33    65    97   129   161   193   225
               257   289
iipe(  2) =     32    32    32    32    32    32    32    32
                32    32
ispt(  3) =      1    33    65    97   129   161   193   225
               257   289
iipe(  3) =     32    32    32    32    32    32    32    32
                32    32
ispt(  4) =      1    33    65    97   129   166   193   225
               257   289
iipe(  4) =     32    32    32    32    29    27    32    32
                32    32
ispt(  5) =      1    33    65    97   129   161   193   225
               257   289
iipe(  5) =     32    32    32    32    32    32    32    32
                32    32
ispt(  6) =      1    33    70    97   129   161   193   225
               257   289
iipe(  6) =     32    17    27    32    32    32    32    32
                32    32
ispt(  7) =      1    33    71    97   129   161   193   225
               257   289
iipe(  7) =     32    14    26    32    32    32    32    32
                32    32
ispt(  8) =      1    33    72    97   129   161   193   225
               257   289
iipe(  8) =     32     9    25    32    32    32    32    32
                32    32
ispt(  9) =      1     0    65    97   129   161   193   225
               257   289
iipe(  9) =     24     0    32    32    32    32    32    32
                32    32
ispt( 10) =      1    33    65     0   141   161   193   225
               257   289
iipe( 10) =     32    32    32     0    20    32    32    32
                32    32
ispt( 11) =      1    33    65     0   156   161   193   225
               281   289
iipe( 11) =     32    32    23     0     5    32    32    21
                 8    32
ispt( 12) =      1    33    65    97   129   161   193   225
               257   289
iipe( 12) =     32    32    32    32    32    32    32    32
                32    32
ispt( 13) =      1    33    65    97   129   161   193   225
               257   289
iipe( 13) =     32    32    32    32    32    32    32    32
                32    32

jspt(  1) =      1    30    59    89   119   149   179   209
               239   269   298   327   356
jjpe(  1) =     29    29    30    30    30    30    30    30
                30    29    29    29    29
