  npes   npe   mpe   idm   jdm  ibig  jbig  nreg  minsea  maxsea  avesea
    36     6     6   320   384    54    64     1     728    3456    2501

ispt(  1) =      1    54   107   161   215   268
iipe(  1) =     53    53    54    54    53    53
ispt(  2) =      1    54   107   161   215   268
iipe(  2) =     53    53    54    54    53    53
ispt(  3) =      1    70   107   161   215   268
iipe(  3) =     49    37    54    54    53    53
ispt(  4) =      1    68   107   161   215   268
iipe(  4) =     45    39    54    54    53    53
ispt(  5) =      1    54   112   161   215   268
iipe(  5) =     53    48    49    54    53    53
ispt(  6) =      1    54   107   161   215   268
iipe(  6) =     53    53    54    54    53    53

jspt(  1) =      1    65   129   193   257   321
jjpe(  1) =     64    64    64    64    64    64
