  npes   npe   mpe   idm   jdm  ibig  jbig  nreg  minsea  maxsea  avesea
    80     8    10   320   384    40    39     1     105    1560    1125

ispt(  1) =      1    41    81   121   161   201   241   281
iipe(  1) =     40    40    40    40    40    40    40    40
ispt(  2) =      1    41    81   121   161   201   241   281
iipe(  2) =     40    40    40    40    40    40    40    40
ispt(  3) =      1    41    81   121   161   201   241   281
iipe(  3) =     40    40    40    40    40    40    40    40
ispt(  4) =      1    41    81   121   161   201   241   281
iipe(  4) =     40    40    40    40    40    40    40    40
ispt(  5) =      1    41    81   121   161   201   241   281
iipe(  5) =     40    40    40    40    40    40    40    40
ispt(  6) =      1    41    81   121   161   201   241   281
iipe(  6) =     40    40    40    40    40    40    40    40
ispt(  7) =      1    66    81   121   161   201   241   281
iipe(  7) =     24    15    40    40    40    40    40    40
ispt(  8) =      1    41    81   141   161   201   241   281
iipe(  8) =     40    40     8    20    40    40    40    40
ispt(  9) =      1    41    81   121   161   201   241   281
iipe(  9) =     40    40    40    40    40    40    40    40
ispt( 10) =      1    41    81   121   161   201   241   281
iipe( 10) =     40    40    40    40    40    40    40    40

jspt(  1) =      1    39    77   115   154   193   232   271
               309   347
jjpe(  1) =     38    38    38    39    39    39    39    38
                38    38
