  npes   npe   mpe   idm   jdm  ibig  jbig  nreg  minsea  maxsea  avesea
   164    12    14   320   384    27    28     1       0     756     549

ispt(  1) =      1    27    53    80   107   134   161   188
               215   242   269   295
iipe(  1) =     26    26    27    27    27    27    27    27
                27    27    26    26
ispt(  2) =      1    27    53    80   107   134   161   188
               215   242   269   295
iipe(  2) =     26    26    27    27    27    27    27    27
                27    27    26    26
ispt(  3) =      1    27    53    80   107   134   161   188
               215   242   269   295
iipe(  3) =     26    26    27    27    27    27    27    27
                27    27    26    26
ispt(  4) =      1    27    53    80   107   134   161   188
               215   242   269   295
iipe(  4) =     26    26    27    27    27    27    27    27
                27    27    26    26
ispt(  5) =      1    27    66    80   107   134   161   188
               215   242   269   295
iipe(  5) =     26    23    14    27    27    27    27    27
                27    27    26    26
ispt(  6) =      1    27    70    80   107   134   161   188
               215   242   269     0
iipe(  6) =     26    23    10    27    27    27    27    27
                27    27    21     0
ispt(  7) =      1    27    70    80   107   134   161   188
               215   242   269   311
iipe(  7) =     26    22    10    27    27    27    27    27
                27    27    19    10
ispt(  8) =      1    27    74    80   107   134   161   188
               215   242   269   301
iipe(  8) =     26    19     6    27    27    27    27    27
                27    27    21    20
ispt(  9) =      1     0    70    80   107   134   161   188
               215   242   269   295
iipe(  9) =     26     0    10    27    27    27    27    27
                27    27    26    26
ispt( 10) =      1    27    53    80   107   134   161   188
               215   242   269   295
iipe( 10) =     26    26    27    27    27    27    27    27
                27    27    26    26
ispt( 11) =      1    27    53    80     0   141   161   188
               215   242   269   295
iipe( 11) =     26    26    27     8     0    20    27    27
                27    27    26    26
ispt( 12) =      1    27    53    80     0   157   161   188
               215   242   279   295
iipe( 12) =     26    26    27     8     0     4    27    27
                27     4    16    26
ispt( 13) =      1    27    53    80   107   134   161   188
               215   242   269   295
iipe( 13) =     26    26    27    27    27    27    27    27
                27    27    26    26
ispt( 14) =      1    27    53    80   107   134   161   188
               215   242   269   295
iipe( 14) =     26    26    27    27    27    27    27    27
                27    27    26    26

jspt(  1) =      1    28    55    82   109   137   165   193
               221   249   277   304   331   358
jjpe(  1) =     27    27    27    27    28    28    28    28
                28    28    27    27    27    27
