  npes   npe   mpe   idm   jdm  ibig  jbig  nreg  minsea  maxsea  avesea
  2895    60    68  1440  1153    24    17     2       0     408     343

ispt(  1) =     22     0     0     0     0     0     0     0
                 0     0     0     0     0     0     0     0
                 0     0     0     0     0     0     0     0
                 0     0     0     0     0     0     0     0
                 0     0     0     0     0     0     0     0
                 0     0     0     0     0     0     0     0
                 0     0     0     0     0     0     0     0
                 0     0     0     0
iipe(  1) =      3     0     0     0     0     0     0     0
                 0     0     0     0     0     0     0     0
                 0     0     0     0     0     0     0     0
                 0     0     0     0     0     0     0     0
                 0     0     0     0     0     0     0     0
                 0     0     0     0     0     0     0     0
                 0     0     0     0     0     0     0     0
                 0     0     0     0
ispt(  2) =      0     0     0     0     0     0     0     0
                 0     0   262   265   289     0     0     0
                 0     0     0     0     0     0     0     0
                 0     0     0     0     0     0     0     0
                 0     0     0     0     0     0     0     0
                 0     0     0     0     0     0     0     0
              1167  1177  1201  1225     0     0     0     0
                 0     0     0     0
iipe(  2) =      0     0     0     0     0     0     0     0
                 0     0     3    24    10     0     0     0
                 0     0     0     0     0     0     0     0
                 0     0     0     0     0     0     0     0
                 0     0     0     0     0     0     0     0
                 0     0     0     0     0     0     0     0
                10    24    24    19     0     0     0     0
                 0     0     0     0
ispt(  3) =      0     0     0     0     0     0     0     0
                 0     0   241   265   289   313     0     0
                 0     0     0     0     0     0     0     0
                 0     0     0     0     0     0     0     0
                 0     0     0     0     0     0     0     0
                 0     0     0     0     0  1093  1105  1129
              1153  1177  1201  1225  1249  1273     0     0
                 0     0     0     0
iipe(  3) =      0     0     0     0     0     0     0     0
                 0     0    24    24    24     3     0     0
                 0     0     0     0     0     0     0     0
                 0     0     0     0     0     0     0     0
                 0     0     0     0     0     0     0     0
                 0     0     0     0     0    12    24    24
                24    24    24    24    24     3     0     0
                 0     0     0     0
ispt(  4) =      0     0     0     0     0     0     0     0
                 0   222   241   265   289   313     0     0
                 0     0     0     0     0     0     0     0
                 0     0     0     0     0     0     0     0
                 0     0     0     0     0     0     0     0
                 0     0     0     0     0  1090  1105  1129
              1153  1177  1201  1225  1249  1273     0     0
                 0     0     0     0
iipe(  4) =      0     0     0     0     0     0     0     0
                 0    19    24    24    24    21     0     0
                 0     0     0     0     0     0     0     0
                 0     0     0     0     0     0     0     0
                 0     0     0     0     0     0     0     0
                 0     0     0     0     0    15    24    24
                24    24    24    24    24    15     0     0
                 0     0     0     0
ispt(  5) =      0     0     0     0     0     0     0     0
               200   217   241   265   289   313   337     0
                 0     0     0     0     0     0     0     0
                 0     0     0     0     0     0     0     0
                 0     0     0     0     0     0     0     0
                 0     0     0     0     0  1091  1105  1129
              1153  1177  1201  1225  1249  1273  1297  1321
                 0     0     0     0
iipe(  5) =      0     0     0     0     0     0     0     0
                17    24    24    24    24    24     6     0
                 0     0     0     0     0     0     0     0
                 0     0     0     0     0     0     0     0
                 0     0     0     0     0     0     0     0
                 0     0     0     0     0    14    24    24
                24    24    24    24    24    24    24     9
                 0     0     0     0
ispt(  6) =      1    25     0     0     0     0     0     0
               193   217   241   265   289   313   337     0
                 0     0     0     0     0     0     0     0
                 0     0     0     0     0     0     0     0
                 0     0     0     0     0     0     0     0
                 0     0     0     0     0  1091  1105  1129
              1153  1177  1201  1225  1249  1273  1297  1321
              1345  1369  1401  1417
iipe(  6) =     24    11     0     0     0     0     0     0
                24    24    24    24    24    24    20     0
                 0     0     0     0     0     0     0     0
                 0     0     0     0     0     0     0     0
                 0     0     0     0     0     0     0     0
                 0     0     0     0     0    14    24    24
                24    24    24    24    24    24    24    24
                24    20    16    24
ispt(  7) =      1    25    70    73    97   121   145     0
               197   217   241   265   289   313   337   361
                 0     0     0     0     0     0     0     0
                 0     0     0     0     0     0     0     0
                 0     0     0     0     0     0     0     0
                 0     0     0     0     0  1100  1105  1129
              1153  1177  1201  1225  1249  1273  1297  1321
              1345  1369  1393  1417
iipe(  7) =     24     9     3    24    24    24     7     0
                20    24    24    24    24    24    24    10
                 0     0     0     0     0     0     0     0
                 0     0     0     0     0     0     0     0
                 0     0     0     0     0     0     0     0
                 0     0     0     0     0     5    24    24
                24    24    24    24    24    24    24    24
                24    24    24    24
ispt(  8) =      1    25    49    73    97   121   145     0
               198   217   241   265   289   313   337   361
               385   409   433     0     0     0     0     0
                 0     0     0     0     0   713   721     0
                 0     0     0     0     0     0     0     0
                 0     0     0     0     0     0  1117  1129
              1153  1177  1201  1225  1249  1273  1297  1321
              1345  1369  1393  1417
iipe(  8) =     24    24    24    24    24    24     7     0
                19    24    24    24    24    24    24    24
                24    24    10     0     0     0     0     0
                 0     0     0     0     0     8     5     0
                 0     0     0     0     0     0     0     0
                 0     0     0     0     0     0    12    24
                24    24    24    24    24    24    24    24
                24    24    24    24
ispt(  9) =      1    25    49    73    97   121   145     0
               196   217   241   265   289   313   337   361
               385   409   433   457   481   505   529   553
                 0     0     0     0     0   714   721     0
                 0     0     0     0     0     0     0     0
                 0     0     0     0     0  1081  1105  1129
              1153  1177  1201  1225  1249  1273  1297  1321
              1345  1369  1393  1417
iipe(  9) =     24    24    24    24    24    24    24     0
                21    24    24    24    24    24    24    24
                24    24    24    24    24    24    24    20
                 0     0     0     0     0     7    13     0
                 0     0     0     0     0     0     0     0
                 0     0     0     0     0    24    24    24
                24    24    24    24    24    24    24    24
                24    24    24    24
ispt( 10) =      1    25    49    73    97   121   145   169
               193   217   241   265   289   313   337   361
               385   409   433   457   481   505   529   553
               577   601     0     0     0   715   721   745
                 0     0     0     0     0     0     0     0
                 0     0  1029  1033  1057  1081  1105  1129
              1153  1177  1201  1225  1249  1273  1297  1321
              1345  1369  1393  1417
iipe( 10) =     24    24    24    24    24    24    24    24
                24    24    24    24    24    24    24    24
                24    24    24    24    24    24    24    24
                24     9     0     0     0     6    24    10
                 0     0     0     0     0     0     0     0
                 0     0     4    24    24    24    24    24
                24    24    24    24    24    24    24    24
                24    24    24    24
ispt( 11) =      1    25    49    73    97   121   145   169
               196   217   241   265   289   313   337   361
               385   409   433   457   481   505   529   553
               577   601   625   667   673   697   721   745
               769   793     0     0     0   898   913   937
                 0  1002  1009  1033  1057  1081  1105  1129
              1153  1177  1201  1225  1249  1273  1297  1321
              1345  1369  1393  1417
iipe( 11) =     24    24    24    24    24    24    24     7
                21    24    24    24    24    24    24    24
                24    24    24    24    24    24    24    24
                24    24    19     6    24    24    24    24
                24    10     0     0     0    15    24    24
                 0     7    24    24    24    24    24    24
                24    24    24    24    24    24    24    24
                24    24    24    24
ispt( 12) =      1    25    49    73    97   121   145   169
               197   217   241   265   289   313   337   361
               385   409   433   457   481   505   529   553
               577   601   625   649   673   697   721   745
               769   793   817   841   865   889   913   937
               961   985  1009  1033  1057  1081  1105  1129
              1153  1177  1201  1225  1249  1273  1297  1321
              1345  1369  1393  1417
iipe( 12) =     24    24    24    24    24    24    24    16
                20    24    24    24    24    24    24    24
                24    24    24    24    24    24    24    24
                24    24    24    24    24    24    24    24
                24    24    24    24    24    24    24    24
                24    24    24    24    24    24    24    24
                24    24    24    24    24    24    24    24
                24    24    24    24
ispt( 13) =      1    25    49    73    97   121   145   169
               193   217   241   265   289   313   337   361
               385   409   433   457   481   505   529   553
               577   601   625   649   673   697   721   745
               769   793   817   841   865   889   913   937
               961   985  1009  1033  1057  1081  1105  1129
              1153  1177  1201  1225  1249  1273  1297  1321
              1345  1369  1393  1417
iipe( 13) =     24    24    24    24    24    24    24    24
                24    24    24    24    24    24    24    24
                24    24    24    24    24    24    24    24
                24    24    24    24    24    24    24    24
                24    24    24    24    24    24    24    24
                24    24    24    24    24    24    24    24
                24    24    24    24    24    24    24    24
                24    24    24    24
ispt( 14) =      1    25    49    73    97   121   145   169
               193   217   241   265   289   313   337   361
               385   409   433   457   481   505   529   553
               577   601   625   649   673   697   721   745
               769   793   817   841   865   889   913   937
               961   985  1009  1033  1057  1081  1105  1129
              1153  1177  1201  1225  1249  1273  1297  1321
              1345  1369  1393  1417
iipe( 14) =     24    24    24    24    24    24    24    24
                24    24    24    24    24    24    24    24
                24    24    24    24    24    24    24    24
                24    24    24    24    24    24    24    24
                24    24    24    24    24    24    24    24
                24    24    24    24    24    24    24    24
                24    24    24    24    24    24    24    24
                24    24    24    24
ispt( 15) =      1    25    49    73    97   121   145   169
               193   217   241   265   289   313   337   361
               385   409   433   457   481   505   529   553
               577   601   625   649   673   697   721   745
               769   793   817   841   865   889   913   937
               961   985  1009  1033  1057  1081  1105  1129
              1153  1177  1201  1225  1249  1273  1297  1321
              1345  1369  1393  1417
iipe( 15) =     24    24    24    24    24    24    24    24
                24    24    24    24    24    24    24    24
                24    24    24    24    24    24    24    24
                24    24    24    24    24    24    24    24
                24    24    24    24    24    24    24    24
                24    24    24    24    24    24    24    24
                24    24    24    24    24    24    24    24
                24    24    24    24
ispt( 16) =      1    25    49    73    97   121   145   169
               193   217   241   265   289   313   337   361
               385   409   433   457   481   505   529   553
               577   601   625   649   673   697   721   745
               769   793   817   841   865   889   913   937
               961   985  1009  1033  1057  1081  1105  1129
              1153  1177  1201  1225  1249  1273  1297  1321
              1345  1369  1393  1417
iipe( 16) =     24    24    24    24    24    24    24    24
                24    24    24    24    24    24    24    24
                24    24    24    24    24    24    24    24
                24    24    24    24    24    24    24    24
                24    24    24    24    24    24    24    24
                24    24    24    24    24    24    24    24
                24    24    24    24    24    24    24    24
                24    24    24    24
ispt( 17) =      1    25    49    73    97   121   145   169
               193   217   241   265   289   313   337   361
               385   409   433   457   481   505   529   553
               577   601   625   649   673   697   721   745
               769   793   817   841   865   889   913   937
               961   985  1009  1033  1057  1081  1105  1129
              1153  1177  1201  1225  1249  1273  1297  1321
              1345  1369  1393  1417
iipe( 17) =     24    24    24    24    24    24    24    24
                24    24    24    24    24    24    24    24
                24    24    24    24    24    24    24    24
                24    24    24    24    24    24    24    24
                24    24    24    24    24    24    24    24
                24    24    24    24    24    24    24    24
                24    24    24    24    24    24    24    24
                24    24    24    24
ispt( 18) =      1    25    49    73    97   121   145   169
               193   217   241   265   289   313   337   361
               385   409   433   457   481   505   529   553
               577   601   625   649   673   697   721   745
               769   793   817   841   865   889   913   937
               961   985  1009  1033  1057  1081  1105  1129
              1153  1177  1201  1225  1249  1273  1297  1321
              1345  1369  1393  1417
iipe( 18) =     24    24    24    24    24    24    24    24
                24    24    24    24    24    24    24    24
                24    24    24    24    24    24    24    24
                24    24    24    24    24    24    24    24
                24    24    24    24    24    24    24    24
                24    24    24    24    24    24    24    24
                24    24    24    24    24    24    24    24
                24    24    24    24
ispt( 19) =      1    25    49    73    97   121   145   169
               193   217   241   265   289   313   337   361
               385   409   433   457   481   505   529   553
               577   601   625   649   673   697   721   745
               769   793   817   841   865   889   913   937
               961   985  1009  1033  1057  1081  1105  1129
              1153  1177  1201  1225  1249  1273  1297  1321
              1345  1369  1393  1417
iipe( 19) =     24    24    24    24    24    24    24    24
                24    24    24    24    24    24    24    24
                24    24    24    24    24    24    24    24
                24    24    24    24    24    24    24    24
                24    24    24    24    24    24    24    24
                24    24    24    24    24    24    24    24
                24    24    24    24    24    24    24    24
                24    24    24    24
ispt( 20) =      1    25    49    73    97   121   145   169
               193   217   241   265   289   313   337   361
               385   409   433   457   481   505   529   553
               577   601   625   649   673   697   721   745
               769   793   817   841   865   889   913   937
               961   985  1009  1033  1057  1081  1105  1129
              1153  1177  1201  1225  1249  1273  1297  1321
              1345  1369  1393  1417
iipe( 20) =     24    24    24    24    24    24    24    24
                24    24    24    24    24    24    24    24
                24    24    24    24    24    24    24    24
                24    24    24    24    24    24    24    24
                24    24    24    24    24    24    24    24
                24    24    24    24    24    24    24    24
                24    24    24    24    24    24    24    24
                24    24    24    24
ispt( 21) =      1    25    49    73    97   121   145   169
               193   217   241   265   289   313   337   361
               385   409   433   457   481   505   529   553
               577   601   625   649   673   697   721   745
               769   793   817   841   865   889   913   937
               961   985  1009  1033  1057  1081  1105  1129
              1153  1177  1201  1225  1249  1273  1297  1321
              1345  1369  1393  1417
iipe( 21) =     24    24    24    24    24    24    24    24
                24    24    24    24    24    24    24    24
                24    24    24    24    24    24    24    24
                24    24    24    24    24    24    24    24
                24    24    24    24    24    24    24    24
                24    24    24    24    24    24    24    24
                24    24    24    24    24    24    24    24
                24    24    24    24
ispt( 22) =      1    25    49    73    97   121   145   179
               193   217   241   265   289   313   337   361
               385   409   433   457   481   505   529   553
               577   601   625   649   673   697   721   745
               769   793   817   841   865   889   913   937
               961   985  1009  1033  1057  1081  1105  1129
              1153  1177  1201  1225  1249  1273  1297  1321
              1345  1369  1393  1417
iipe( 22) =     24    24    24    24    24    24     6    14
                24    24    24    24    24    24    24    24
                24    24    24    24    24    24    24    24
                24    24    24    24    24    24    24    24
                24    24    24    24    24    24    24    24
                24    24    24    24    24    24    24    24
                24    24    24    24    24    24    24    24
                24    24    24    24
ispt( 23) =      1    25    49    73    97   121   145   179
               193   217   241   265   289   313   337   361
               385   409   433   457   481   505   529   553
               577   601   625   649   673   697   721   745
               769   793   817   841   865   889   913   937
               961   985  1009  1033  1057  1081  1105  1129
              1153  1177  1201  1225  1249  1273  1297  1321
              1345  1369  1393  1417
iipe( 23) =     24    24    24    24    24    24     4    14
                24    24    24    24    24    24    24    24
                24    24    24    24    24    24    24    24
                24    24    24    24    24    24    24    24
                24    24    24    24    24    24    24    24
                24    24    24    24    24    24    24    24
                24    24    24    24    24    24    24    24
                24    24    24    24
ispt( 24) =      1    25    49    73    97   121   145     0
               210   217   241   265   289   313   337   361
               385   409   433   457   481   505   529   553
               577   601   625   649   673   697   721   745
               769   793   817   841   865   889   913   937
               961   985  1020  1033  1057  1081  1105  1129
              1153  1177  1201  1225  1249  1273  1297  1321
              1345  1369  1393  1417
iipe( 24) =     24    24    24    24    24    24    10     0
                 7    24    24    24    24    24    24    24
                24    24    24    24    24    24    24    24
                24    24    24    24    24    24    24    24
                24    24    24    24    24    24    24    24
                24    20    13    24    24    24    24    24
                24    24    24    24    24    24    24    24
                24    24    24    24
ispt( 25) =      1    25    49    73    97   121   145     0
                 0   224   241   265   289   313   337   361
               385   409   433   457   481   505   529   553
               577   601   625   649   673   697   721   745
               769   793   817   841   865   889   917   937
               961   985     0  1044  1057  1081  1105  1129
              1153  1177  1201  1225  1249  1273  1297  1321
              1345  1369  1393  1417
iipe( 25) =     24    24    24    24    24    24    11     0
                 0    17    24    24    24    24    24    24
                24    24    24    24    24    24    24    24
                24    24    24    24    24    24    24    24
                24    24    24    24    24    16    20    24
                24    10     0    13    24    24    24    24
                24    24    24    24    24    24    24    24
                24    24    24    24
ispt( 26) =      1    25    49    73    97   121   145     0
                 0   238   241   265   289   313   337   361
               385   409   433   457   481   505     0   561
               577   601   625   649   673   697   721   745
               769   793   817   841   865   889     0     0
                 0     0     0  1052  1057  1081  1105  1129
              1153  1177  1201  1225  1249  1273  1297  1321
              1345  1369  1393  1417
iipe( 26) =     24    24    24    24    24    24    14     0
                 0     3    24    24    24    24    24    24
                24    24    24    24    24     7     0    16
                24    24    24    24    24    24    24    24
                24    24    24    24    24    14     0     0
                 0     0     0     5    24    24    24    24
                24    24    24    24    24    24    24    24
                24    24    24    24
ispt( 27) =      1    25    49    73    97   121   145     0
                 0     0   245   265   289   313   337   361
               385   409   433   457   481     0     0   571
               577   601   625   649   673   697   721   745
               769   793   817   841   865   889     0     0
                 0     0     0  1039  1057  1081  1105  1129
              1153  1177  1201  1225  1249  1273  1297  1321
              1345  1369  1393  1417
iipe( 27) =     24    24    24    24    24    24    16     0
                 0     0    20    24    24    24    24    24
                24    24    24    24    24     0     0     6
                24    24    24    24    24    24    24    24
                24    24    24    24    24    10     0     0
                 0     0     0    18    24    24    24    24
                24    24    24    24    24    24    24    24
                24    24    24    24
ispt( 28) =      1    25    49    73    97   121   145     0
                 0     0   261   265   289   313   337   361
               385   409   433   457   481     0     0     0
               577   601   631   649   673   697   721   745
               769   793   817   841   865   889   913     0
                 0     0  1025  1033  1057  1081  1105  1129
              1153  1177  1201  1225  1249  1273  1297  1321
              1345  1369  1393  1417
iipe( 28) =     24    24    24    24    24    24    17     0
                 0     0     4    24    24    24    24    24
                24    24    24    24    19     0     0     0
                24    19    18    24    24    24    24    24
                24    24    24    24    24    24    17     0
                 0     0     8    24    24    24    24    24
                24    24    24    24    24    24    24    24
                24    24    24    24
ispt( 29) =      1    25    49    73    97   121   145     0
                 0     0     0   281   289   313   337   361
               385   409   433   457   481     0     0     0
               582   601   625   649   673   697   721   745
               769   793   817   841   865   889   913   937
               961   985  1009  1033  1057  1081  1105  1129
              1153  1177  1201  1225  1249  1273  1297  1321
              1345  1369  1393  1417
iipe( 29) =     24    24    24    24    24    24    16     0
                 0     0     0     8    24    24    24    24
                24    24    24    24    12     0     0     0
                19    24    24    24    24    24    24    24
                24    24    24    24    24    24    24    24
                24    24    24    24    24    24    24    24
                24    24    24    24    24    24    24    24
                24    24    24    24
ispt( 30) =      1    25    49    73    97   121     0     0
                 0     0     0   284   289   313   337   361
               385   409   433   457   481     0     0     0
               598   601   625   649   673   697   721   745
               769   793   817   841   865   889   913   937
               961   985  1009  1033  1057  1081  1105  1129
              1153  1177  1201  1225  1249  1273  1297  1321
              1345  1369  1393  1417
iipe( 30) =     24    24    24    24    24    21     0     0
                 0     0     0     5    24    24    24    24
                24    24    24    24    16     0     0     0
                 3    24    24    24    24    24    24    24
                24    24    24    24    24    24    24    24
                24    24    24    24    24    24    24    24
                24    24    24    24    24    24    24    24
                24    24    24    24
ispt( 31) =      1    25    49    73    97   121     0     0
                 0     0     0     0   289   313   337   361
               385   409   433   457   481     0     0     0
               595   601   625   649   673   697   721   745
               769   793   817   841   865   889   913   937
               961   985  1009  1033  1057  1081  1105  1129
              1153  1177  1201  1225  1249  1273  1297  1321
              1345  1369  1393  1417
iipe( 31) =     24    24    24    24    24    10     0     0
                 0     0     0     0    24    24    24    24
                24    24    24    24    16     0     0     0
                 6    24    24    24    24    24    24    24
                24    24    24    24    24    24    24    24
                24    24    24    24    24    24    24    24
                24    24    24    24    24    24    24    24
                24    24    24    24
ispt( 32) =      1    25    49    73    97   121     0     0
                 0     0   260   265   289   313   337   361
               385   409   433   457   481     0     0     0
               595   601   625   649   673   697   721   745
               769   793   817   841   865   889   913   937
               961   985  1009  1033  1057  1081  1105  1129
              1153  1177  1201  1225  1249  1273  1297  1321
              1345  1369  1393  1417
iipe( 32) =     24    24    24    24    24     3     0     0
                 0     0     5    24    24    24    24    24
                24    24    24    24    12     0     0     0
                 6    24    24    24    24    24    24    24
                24    24    24    24    24    24    24    24
                24    24    24    24    24    24    24    24
                24    24    24    24    24    24    24    24
                24    24    24    24
ispt( 33) =      1    25    49    73    97   121     0     0
                 0   237   241   265   289   313   337   361
               385   409   433   457   481     0     0     0
                 0   601   625   649   673   697   721   745
               769   793   817   841   865   889   913   937
               961   985  1009  1033  1057  1081  1105  1129
              1153  1177  1201  1225  1249  1273  1297  1321
              1345  1369  1393  1417
iipe( 33) =     24    24    24    24    24     9     0     0
                 0     4    24    24    24    24    24    24
                24    24    24    24     3     0     0     0
                 0    24    24    24    24    24    24    24
                24    24    24    24    24    24    24    24
                24    24    24    24    24    24    24    24
                24    24    24    24    24    24    24    24
                24    24    24    24
ispt( 34) =      1    25    49    73    97   121     0     0
               207   217   241   265   289   313   337   361
               385   409   433   457     0     0     0     0
                 0   618   625   649   673   697   721   745
               769   793   817   841   865   889   913   937
               961   985  1009  1033  1057  1081  1105  1129
              1153  1177  1201  1225  1249  1273  1297  1321
              1345  1369  1393  1417
iipe( 34) =     24    24    24    24    24    12     0     0
                10    24    24    24    24    24    24    24
                24    24    24    24     0     0     0     0
                 0     7    24    24    24    24    24    24
                24    24    24    24    24    24    24    24
                24    24    24    24    24    24    24    24
                24    24    24    24    24    24    24    24
                24    24    24    24
ispt( 35) =      1    25    49    73    97   121   145   169
               193   217   241   265   289   313   337   361
               385     0   441   457     0     0     0     0
                 0   615   625   649   673   697   721   745
               769   793   817   841   865   889   913   937
               961   985  1009  1033  1057  1081  1105  1129
              1153  1177  1201  1225  1249  1273  1297  1321
              1345  1369  1393  1417
iipe( 35) =     24    24    24    24    24    24    24    24
                24    24    24    24    24    24    24    24
                17     0    16     5     0     0     0     0
                 0    10    24    24    24    24    24    24
                24    24    24    24    24    24    24    24
                24    24    24    24    24    24    24    24
                24    24    24    24    24    24    24    24
                24    24    24    24
ispt( 36) =      1    25    49    73    97   121   145   169
               193   217   241   265   289   313   337   361
               385     0     0     0     0     0     0     0
               598   601   625   649   673   697   721   745
               769   793   817   841   865   889   913   937
               961   985  1009  1033  1057  1081  1105  1129
              1153  1177  1201  1225  1249  1273  1297  1321
              1345  1369  1393  1417
iipe( 36) =     24    24    24    24    24    24    24    24
                24    24    24    24    24    24    24    24
                 3     0     0     0     0     0     0     0
                 3    24    24    24    24    24    24    24
                24    24    24    24    24    24    24    24
                24    24    24    24    24    24    24    24
                24    24    24    24    24    24    24    24
                24    24    24    24
ispt( 37) =      1    25    49    73    97   121   145   169
               193   217   241   265   289   313   337   361
                 0     0     0     0     0     0     0     0
               589   601   633   649   673   697   721   760
               769   793   817   862   865   889   913   937
               961   985  1009  1033  1057  1081  1105  1129
              1153  1177  1201  1225  1249  1273  1297  1321
              1345  1369  1393  1417
iipe( 37) =     24    24    24    24    24    24    24    24
                24    24    24    24    24    24    24    17
                 0     0     0     0     0     0     0     0
                12    13    16    24    24    24    19     9
                24    24    17     3    24    24    24    24
                24    24    24    24    24    24    24    24
                24    24    24    24    24    24    24    24
                24    24    24    24
ispt( 38) =      1    25    49    73    97   121   145   169
               193   217   241   265   289   313   337   361
                 0     0     0     0     0     0     0     0
               583   601     0   666   673   697   721     0
               776   793   817   862   865   889   913   937
               961   985  1009  1033  1057  1081  1105  1129
              1153  1177  1201  1225  1249  1273  1297  1321
              1345  1369  1393  1417
iipe( 38) =     24    24    24    24    24    24    24    24
                24    24    24    24    24    24    24    17
                 0     0     0     0     0     0     0     0
                18     7     0     7    24    24    13     0
                17    24     3     3    24    24    24    24
                24    24    24    24    24    24    24    24
                24    24    24    24    24    24    24    24
                24    24    24    24
ispt( 39) =      1     0    49    73    97   121   145   169
               193   217   241   265   289   313   337   361
               385     0     0     0     0     0     0   574
               577     0   639   649   673   697   721     0
                 0     0     0     0     0   894   913   937
               961   985  1009  1033  1057  1081  1105  1129
              1153  1177  1201  1225  1249  1273  1297  1321
              1345  1369  1393  1417
iipe( 39) =     18     0    24    24    24    24    24    24
                24    24    24    24    24    24    24    24
                 3     0     0     0     0     0     0     3
                21     0    10    24    24    24     3     0
                 0     0     0     0     0    19    24    24
                24    24    24    24    24    24    24    24
                24    24    24    24    24    24    24    24
                24    24    24    24
ispt( 40) =      1     0    49    73    97   121   145   169
               193   217   241   265   289   313   337   361
               385     0     0     0     0   511     0   553
               577     0   633   649     0     0     0     0
                 0     0     0     0     0     0   919   937
               961   985  1009  1033  1057  1081  1105  1129
              1153  1177  1201  1225  1249  1273  1297  1321
              1345  1369  1393  1417
iipe( 40) =      4     0    24    24    24    24    24    24
                24    24    24    24    24    24    24    24
                18     0     0     0     0    12     0    24
                11     0    16    24     0     0     0     0
                 0     0     0     0     0     0    18    24
                24    24    24    24    24    24    24    24
                24    24    24    24    24    24    24    24
                24    24    24    24
ispt( 41) =      0     0     0    73    97   121   145   169
               193   217   241   265   289   313   337   361
               385   409     0   478   481   505   529   553
               577     0     0     0     0     0     0     0
                 0     0     0     0     0     0   920   937
               961   985  1009  1033  1057  1081  1105  1129
              1153  1177  1201  1225  1249  1273  1297  1321
              1345  1369  1393  1417
iipe( 41) =      0     0     0    24    24    24    24    24
                24    24    24    24    24    24    24    24
                24     6     0     3    24    24    24    24
                 8     0     0     0     0     0     0     0
                 0     0     0     0     0     0    17    24
                24    24    24    24    24    24    24    24
                24    24    24    24    24    24    24    24
                24    24    24    14
ispt( 42) =      0     0     0     0     0   124   145   169
               193   217   241   265   289   313   337   361
               385   409   433   457   481   505   529   553
               577     0     0     0     0     0     0     0
                 0     0     0     0     0     0   916   937
               961   985  1009  1033  1057  1081  1105  1129
              1153  1177  1201  1225  1249  1273  1297  1321
              1345  1369  1393     0
iipe( 42) =      0     0     0     0     0    21    24    24
                24    24    24    24    24    24    24    24
                24    24    24    24    24    24    24    24
                 9     0     0     0     0     0     0     0
                 0     0     0     0     0     0    21    24
                24    24    24    24    24    24    24    24
                24    24    24    24    24    24    24    24
                24    24    18     0
ispt( 43) =      0     0     0     0     0   134   145   169
               193   217   241   265   289   313   337   361
               385   409   433   457   481   505   529   553
               580   601     0     0     0     0     0     0
                 0     0     0     0     0   910   913   937
               961   985  1009  1033  1057  1081  1105  1129
              1153  1177  1201  1225  1249  1273  1297  1321
              1345  1369  1393     0
iipe( 43) =      0     0     0     0     0    11    24    24
                24    24    24    24    24    24    24    24
                24    24    24    24    24    24    24    14
                21     5     0     0     0     0     0     0
                 0     0     0     0     0     3    24    24
                24    24    24    24    24    24    24    24
                24    24    24    24    24    24    24    24
                24    24     3     0
ispt( 44) =      0     0     0     0     0   142   145   169
               193   217   241   265   289   313   337   361
               385   409   433   457   481   505   529   553
               577   601     0     0     0     0     0     0
                 0     0     0     0     0     0   922   954
               961   985  1009  1033  1057  1081  1105  1129
              1153  1177  1201  1225  1249  1273  1297  1321
              1345  1369     0     0
iipe( 44) =      0     0     0     0     0     3    24    24
                24    24    24    24    24    24    24    24
                24    24    24    24    24    24    24    24
                24     8     0     0     0     0     0     0
                 0     0     0     0     0     0     9     7
                24    24    24    24    24    24    24    24
                24    24    24    24    24    24    24    24
                24    17     0     0
ispt( 45) =      0     0     0     0     0     0   158   169
               193   217   241   265   289   313   337   361
               385   409   433   457   481   505   550   553
               577   601     0     0     0     0     0     0
                 0     0     0     0     0     0     0     0
               979   985  1009  1033  1057  1081  1105  1129
              1153  1177  1201  1225  1249  1273  1297  1321
              1345  1369     0     0
iipe( 45) =      0     0     0     0     0     0    11    24
                24    24    24    24    24    24    24    24
                24    24    24    24    24     3     3    24
                24     3     0     0     0     0     0     0
                 0     0     0     0     0     0     0     0
                 6    24    24    24    24    24    24    24
                24    24    24    24    24    24    24    24
                24    17     0     0
ispt( 46) =      0     0     0     0     0     0   162   169
               193   217   241   265   289   313   337   361
               385   409   433     0     0     0     0   562
               577     0     0     0     0     0     0     0
                 0     0     0     0     0     0     0     0
                 0   993  1009  1033  1057  1081  1105  1129
              1153  1177  1201  1225  1249  1273  1297  1321
              1345  1369     0     0
iipe( 46) =      0     0     0     0     0     0     7    24
                24    24    24    24    24    24    24    24
                24    24    13     0     0     0     0    15
                19     0     0     0     0     0     0     0
                 0     0     0     0     0     0     0     0
                 0    16    24    24    24    24    24    24
                24    24    24    24    24    24    24    24
                24    24     0     0
ispt( 47) =      0     0     0     0   118   121   165   169
               193   217   241   265   289   313   337   361
               385   409   433   457     0     0     0     0
                 0     0     0     0     0     0     0     0
                 0     0     0     0     0     0     0     0
                 0  1002  1009  1033  1057  1081  1105  1129
              1153  1177  1201  1225  1249  1273  1297  1321
              1345  1369     0     0
iipe( 47) =      0     0     0     0     3     4     4    24
                24    24    24    24    24    24    24    24
                24    24    24     3     0     0     0     0
                 0     0     0     0     0     0     0     0
                 0     0     0     0     0     0     0     0
                 0     7    24    24    24    24    24    24
                24    24    24    24    24    24    24    24
                24    24     0     0
ispt( 48) =      0     0     0     0   112   121     0     0
               212   217   241   265   289   313   337   361
               385   409   433   457   481   505     0     0
                 0     0     0     0     0     0     0     0
                 0     0     0     0     0     0     0     0
               982   985  1009  1033  1057  1081  1105  1129
              1153  1177  1201  1225  1249  1273  1297  1321
              1345  1369     0     0
iipe( 48) =      0     0     0     0     9     7     0     0
                 5    24    24    24    24    24    24    24
                24    24    24    24    24    14     0     0
                 0     0     0     0     0     0     0     0
                 0     0     0     0     0     0     0     0
                 3    24    24    24    24    24    24    24
                24    24    24    24    24    24    24    24
                24     6     0     0
ispt( 49) =      0     0     0     0   103   121     0     0
               199   217   241   265   289   313   337   361
               385   409   433   457   481   505     0     0
                 0     0     0     0     0     0     0     0
                 0     0     0     0     0     0     0     0
               982   985  1009  1033  1057  1084  1105  1129
              1153  1177  1201  1225  1249  1273  1297  1321
              1345     0     0     0
iipe( 49) =      0     0     0     0    18    15     0     0
                18    24    24    24    24    24    24    24
                24    24    24    24    24    19     0     0
                 0     0     0     0     0     0     0     0
                 0     0     0     0     0     0     0     0
                 3    24    24    24    14    21    24    24
                24    24    24    24    24    24    24    24
                19     0     0     0
ispt( 50) =      0     0     0    89    97   121     0     0
               193   217   241   265   289   313   337   361
               385   409   433   457   481   505   529     0
                 0     0     0     0     0     0     0     0
                 0     0     0     0     0     0     0     0
                 0   995  1009  1033  1057  1081  1105  1129
              1153  1177  1201  1225  1249  1273  1297  1321
              1345     0     0     0
iipe( 50) =      0     0     0     8    24    18     0     0
                24    24    24    24    24    24    24    24
                24    24    24    24    24    24     7     0
                 0     0     0     0     0     0     0     0
                 0     0     0     0     0     0     0     0
                 0    14    24    24    24    24    24    24
                24    24    24    24    24    24    24    24
                14     0     0     0
ispt( 51) =      0     0    70    73    97   121   166   169
               193   217   241   265   289   313   337   361
               385   409   433   457   481   505   529     0
                 0     0     0     0     0     0     0     0
                 0     0     0     0     0     0     0     0
                 0     0  1009  1033  1057  1081  1105  1129
              1153  1177  1201  1225  1249  1273  1297  1321
              1345     0     0     0
iipe( 51) =      0     0     3    24    24    18     3    24
                24    24    24    24    24    24    24    24
                24    24    24    24    24    24    21     0
                 0     0     0     0     0     0     0     0
                 0     0     0     0     0     0     0     0
                 0     0    24    24    24    24    24    24
                24    24    24    24    24    24    24    24
                 3     0     0     0
ispt( 52) =      0     0    66    73    97   121   165   169
               193   217   241   274   289   313   337   361
               385   409   433   457   501   505   529   553
                 0     0     0     0     0     0     0     0
                 0     0     0     0     0     0     0     0
                 0     0     0     0  1069  1081     0  1129
              1153  1177  1201     0  1259  1273  1297  1321
                 0     0     0     0
iipe( 52) =      0     0     7    24    24    18     4    24
                24    24    18    15    24    24    24    24
                24    24    24     8     4    24    24     3
                 0     0     0     0     0     0     0     0
                 0     0     0     0     0     0     0     0
                 0     0     0     0    12    19     0    24
                24    24    16     0    14    24    24    24
                 0     0     0     0
ispt( 53) =      0     0    65    73    97   121   154   169
               193   217   241   281   289   313   337   361
               385   409   433   457   501   505     0     0
                 0     0     0     0     0     0     0     0
                 0     0     0     0     0     0     0     0
                 0     0     0     0     0     0     0  1140
              1153  1177  1201  1225  1265  1273     0     0
                 0     0     0     0
iipe( 53) =      0     0     8    24    24    20    15    24
                24    24     7     8    24    24    24    24
                24    24    24    18     4    15     0     0
                 0     0     0     0     0     0     0     0
                 0     0     0     0     0     0     0     0
                 0     0     0     0     0     0     0    13
                24    24    24     3     8    24     0     0
                 0     0     0     0
ispt( 54) =      0     0    66    73    97   121   145   169
               193   217   241     0   289   313   337   361
               385   409   433   457     0   508     0     0
                 0     0     0     0     0     0     0     0
                 0     0     0     0     0     0     0     0
                 0     0     0     0     0     0     0  1150
              1153  1177  1201  1225     0     0     0     0
                 0     0     0     0
iipe( 54) =      0     0     7    24    24    24    24    24
                24    24     4     0    24    24    24    24
                24    24    24    21     0    18     0     0
                 0     0     0     0     0     0     0     0
                 0     0     0     0     0     0     0     0
                 0     0     0     0     0     0     0     3
                24    24    24     3     0     0     0     0
                 0     0     0     0
ispt( 55) =      0     0    68    73    97   121   145   169
               193   217   241     0     0   313   337   361
               385   409   433   457   481   510     0   559
                 0     0     0     0     0     0     0     0
                 0     0     0     0     0     0     0     0
                 0     0     0     0  1078  1081  1105  1129
              1153  1177  1201     0     0     0     0     0
                 0     0     0     0
iipe( 55) =      0     0     5    24    24    24    24    24
                24    24     7     0     0    24    24    24
                24    24    24    24     3    16     0    18
                 0     0     0     0     0     0     0     0
                 0     0     0     0     0     0     0     0
                 0     0     0     0     3    24    24    24
                24    24    20     0     0     0     0     0
                 0     0     0     0
ispt( 56) =      0     0     0    73    97   121   145   169
               193   217   241     0     0     0   337   361
               385   409   433   457   481     0   544   553
               577     0     0     0     0     0     0     0
                 0     0     0     0     0     0     0     0
                 0     0     0  1049  1057  1081  1105  1129
              1153  1177  1201     0     0     0     0     0
                 0     0     0     0
iipe( 56) =      0     0     0    24    24    24    24    24
                24    24    24     0     0     0    24    24
                24    24    24    24     5     0     9    24
                 5     0     0     0     0     0     0     0
                 0     0     0     0     0     0     0     0
                 0     0     0     8    24    24    24    24
                24    24     6     0     0     0     0     0
                 0     0     0     0
ispt( 57) =      0     0     0    82    97   121   145   169
               199   217   241     0     0     0   345   361
               385   409   433   457   481     0   542   553
               577     0     0     0     0     0     0     0
                 0     0     0     0     0     0     0     0
                 0   985  1009  1033  1057  1081  1105  1129
              1153  1177  1201     0     0     0     0     0
                 0     0     0     0
iipe( 57) =      0     0     0    15    24    24    24    14
                18    24    24     0     0     0    16    24
                24    24    24    24    15     0    11    24
                 5     0     0     0     0     0     0     0
                 0     0     0     0     0     0     0     0
                 0    24    24    24    24    24    24    24
                24    24     7     0     0     0     0     0
                 0     0     0     0
ispt( 58) =      0     0     0    91    97   121   145   169
               201   217   241     0     0     0   346   361
               385   409   433   457   481   505   529   553
               577     0     0     0     0     0     0     0
                 0     0     0     0     0     0     0     0
                 0   985  1009  1033  1057  1081  1105  1129
              1153  1177  1201  1225     0     0     0     0
                 0     0     0     0
iipe( 58) =      0     0     0     6    24    24    24    14
                16    24    21     0     0     0    15    24
                24    24    24    24    24    24    24    24
                12     0     0     0     0     0     0     0
                 0     0     0     0     0     0     0     0
                 0    24    24    24    24    24    24    24
                24    24    24    14     0     0     0     0
                 0     0     0     0
ispt( 59) =      0     0     0     0   110   121   148   169
               202   217   241     0     0     0   357   361
               385   409   433   457   481   505   529   553
               577     0     0     0     0     0     0     0
                 0     0     0     0     0     0     0     0
               961   985  1009  1033  1057  1081  1105  1129
              1153  1177  1201  1225  1249  1273     0     0
                 0     0     0     0
iipe( 59) =      0     0     0     0    11    14    21    12
                15    24    24     0     0     0     4    24
                24    24    24    24    24    24    24    24
                20     0     0     0     0     0     0     0
                 0     0     0     0     0     0     0     0
                24    24    24    24    24    24    24    24
                24    24    24    24    24     3     0     0
                 0     0     0     0
ispt( 60) =      0     0     0     0     0   128   145   169
               199   217   241     0     0     0   357   361
               385   409   433   457   481   505   529   553
               577     0     0     0     0     0     0     0
                 0     0     0     0     0     0   933   937
               961   985  1009  1033  1057  1081  1105  1129
              1153  1177  1201  1225  1249  1273     0     0
                 0     0     0     0
iipe( 60) =      0     0     0     0     0    17    24    11
                18    24    24     0     0     0     4    24
                24    24    24    24    24    24    24    24
                20     0     0     0     0     0     0     0
                 0     0     0     0     0     0     4    24
                24    24    24    24    24    24    24    24
                24    24    24    24    24    19     0     0
                 0     0     0     0
ispt( 61) =      0     0     0     0     0   128   145   172
               193   217   241     0     0     0   357   361
               385   409   433   457   481   505   529   553
               577     0     0     0     0     0     0     0
                 0     0     0     0     0     0   932   937
               961   985  1009  1033  1057  1081  1105  1129
              1153  1177  1201  1225  1249  1273  1297     0
                 0     0     0     0
iipe( 61) =      0     0     0     0     0    17    19    21
                24    24    24     0     0     0     4    24
                24    24    24    24    24    24    24    24
                19     0     0     0     0     0     0     0
                 0     0     0     0     0     0     5    24
                24    24    24    24    24    24    24    24
                24    24    24    24    24    24     3     0
                 0     0     0     0
ispt( 62) =      0     0     0     0   103   121   145   169
               193   217   241     0     0     0   355   361
               385   409   433   457   481   505   529   553
               577   601     0     0     0     0     0     0
                 0     0     0     0     0     0     0   958
               961   985  1009  1033  1057  1081  1105  1129
              1153  1177  1201  1225  1249  1273  1297     0
                 0     0     0     0
iipe( 62) =      0     0     0     0    18    24    24    24
                24    24    20     0     0     0     6    24
                24    24    24    24    24    24    24    24
                24     6     0     0     0     0     0     0
                 0     0     0     0     0     0     0     3
                24    24    24    24    24    24    24    24
                24    24    24    24    24    24     5     0
                 0     0     0     0
ispt( 63) =      0     0     0     0   102   121   145   169
               193   217   241   265   310   313   344   361
               385   409   433   457   481   505   529   553
               577   601     0     0     0     0     0     0
                 0     0     0     0     0     0   934   937
               961   985  1009  1033  1057  1081  1105  1129
              1153  1177  1201  1225  1249  1273  1297     0
                 0     0     0     0
iipe( 63) =      0     0     0     0    19    24    24    24
                24    24    24    17     3     9    17    24
                24    24    24    24    24    24    24    24
                24     8     0     0     0     0     0     0
                 0     0     0     0     0     0     3    24
                24    24    24    24    24    24    24    24
                24    24    24    24    24    24    21     0
                 0     0     0     0
ispt( 64) =      0     0     0    94    97   121   145   169
               193   217   241   265   289   313   337   361
               385   409   433   457   481   505   529   553
               577   601     0     0     0     0     0     0
                 0     0     0   854   865   899   916   937
               961   985  1009  1033  1057  1081  1105  1129
              1153  1177  1201  1225  1249  1273  1297  1321
                 0     0     0     0
iipe( 64) =      0     0     0     3    24    24    24    24
                24    24    24    24    24    24    24    24
                24    24    24    24    24    24    24    24
                24    15     0     0     0     0     0     0
                 0     0     0    11     8     5    21    24
                24    24    24    24    24    24    24    24
                24    24    24    24    24    24    24     3
                 0     0     0     0
ispt( 65) =      0     0     0    94    97   121   145   169
               193   217   241   265   289   313   337   361
               385   409   433   457   481   505   529   553
               577   601     0     0     0     0     0     0
                 0   811   817   859   865   889   913   937
               961   985  1009  1033  1057  1081  1105  1129
              1153  1177  1201  1225  1249  1273  1297  1321
                 0     0     0     0
iipe( 65) =      0     0     0     3    24    24    24    24
                24    24    24    24    24    24    24    24
                24    24    24    24    24    24    24    24
                24    15     0     0     0     0     0     0
                 0     6    13     6    24    24    24    24
                24    24    24    24    24    24    24    24
                24    24    24    24    24    24    24    13
                 0     0     0     0
ispt( 66) =      0     0     0    94    97   121   145   169
               193   217   241   265   289   313   337   361
               385   409   433   457   481   505   529   553
               577   601     0     0     0     0     0     0
                 0   797   817   854   865   889   913   937
               961   985  1009  1033  1057  1081  1105  1129
              1153  1177  1201  1225  1249  1280  1297  1321
              1345     0     0     0
iipe( 66) =      0     0     0     3    24    24    24    24
                24    24    24    24    24    24    24    24
                24    24    24    24    24    24    24    24
                24    12     0     0     0     0     0     0
                 0    20    15    11    24    24    24    24
                24    24    24    24    24    24    24    24
                24    24    24    24    19    17    24    24
                 9     0     0     0
ispt( 67) =      0     0     0    73    97   130   145   169
               193   217   241   265   289   313   337   361
               385   409   433   457   481   505   529   553
               577   601   625     0     0     0     0     0
               786   793   817   841   865   889   913   937
               961   985  1009  1033  1057  1081  1105  1129
              1153  1177  1201  1225  1249  1273  1301  1321
              1345     0     0     0
iipe( 67) =      0     0     0    24    16    15    24    24
                24    24    24    24    24    24    24    24
                24    24    24    24    24    24    24    24
                24    24     3     0     0     0     0     0
                 7    24    24    24    24    24    24    24
                24    24    24    24    24    24    24    24
                24    24    24    24    24    17    20    24
                10     0     0     0
ispt( 68) =      0     0     0    73    97   121   145   169
               193   217   241   265   289   313   337   361
               385   409   433   457   481   505   529   553
               577   601   625   649     0     0     0     0
               769   793   817   841   865   889   913   937
               961   985  1009  1033  1057  1081  1105  1129
              1153  1177  1201  1225  1249  1273  1297  1321
              1345     0     0     0
iipe( 68) =      0     0     0    24    24    24    24    24
                24    24    24    24    24    24    24    24
                24    24    24    24    24    24    24    24
                24    24    24    24     0     0     0     0
                24    24    24    24    24    24    24    24
                24    24    24    24    24    24    24    24
                24    24    24    24    24    24    24    24
                24     0     0     0
 
jspt(  1) =      1    17    34    51    68    85   102   119
               136   153   170   187   204   221   238   255
               272   289   306   323   340   357   374   391
               408   425   442   459   476   493   510   527
               544   561   578   595   612   629   646   663
               680   697   714   731   748   765   782   799
               816   833   850   867   884   901   918   935
               952   969   986  1003  1020  1037  1054  1071
              1088  1105  1122  1138
jjpe(  1) =     16    17    17    17    17    17    17    17
                17    17    17    17    17    17    17    17
                17    17    17    17    17    17    17    17
                17    17    17    17    17    17    17    17
                17    17    17    17    17    17    17    17
                17    17    17    17    17    17    17    17
                17    17    17    17    17    17    17    17
                17    17    17    17    17    17    17    17
                17    17    16    16
