  npes   npe   mpe   idm   jdm  ibig  jbig  nreg  minsea  maxsea  avesea
    48     7     7   320   384    46    55     1     722    2530    1879

ispt(  1) =      1    47    93   139   185   231   276
iipe(  1) =     46    46    46    46    46    45    45
ispt(  2) =      1    47    93   139   185   231   276
iipe(  2) =     46    46    46    46    46    45    45
ispt(  3) =      1    47    93   139   185   231   276
iipe(  3) =     46    46    46    46    46    45    45
ispt(  4) =      1    47    93   139   185   231   276
iipe(  4) =     46    46    46    46    46    45    45
ispt(  5) =      1    54    93   139   185   231   276
iipe(  5) =     27    39    46    46    46    45    45
ispt(  6) =      1    47     0   139   185   231   276
iipe(  6) =     46    41     0    46    46    45    45
ispt(  7) =      1    47    93   139   185   231   276
iipe(  7) =     46    46    46    46    46    45    45

jspt(  1) =      1    56   111   166   221   276   331
jjpe(  1) =     55    55    55    55    55    55    54
