  npes   npe   mpe   idm   jdm  ibig  jbig  nreg  minsea  maxsea  avesea
   148    11    14   320   384    30    28     1      18     822     609

ispt(  1) =      1    30    59    88   117   147   176   205
               234   263   292
iipe(  1) =     29    29    29    29    30    29    29    29
                29    29    29
ispt(  2) =      1    30    59    88   117   147   176   205
               234   263   292
iipe(  2) =     29    29    29    29    30    29    29    29
                29    29    29
ispt(  3) =      1    30    59    88   117   147   176   205
               234   263   292
iipe(  3) =     29    29    29    29    30    29    29    29
                29    29    29
ispt(  4) =      1    30    59    88   117   147   176   205
               234   263   292
iipe(  4) =     29    29    29    29    30    29    29    29
                29    29    29
ispt(  5) =      1    30    66    88   117   147   176   205
               234   263   292
iipe(  5) =     29    20    22    29    30    29    29    29
                29    29    29
ispt(  6) =      1    30    70    88   117   147   176   205
               234   263     0
iipe(  6) =     29    20    18    29    30    29    29    29
                29    29     0
ispt(  7) =      1    30    70    88   117   147   176   205
               234   263   311
iipe(  7) =     29    19    18    29    30    29    29    29
                29    25    10
ispt(  8) =      1    30    74    88   117   147   176   205
               234   263   292
iipe(  8) =     29    16    14    29    30    29    29    29
                29    29    29
ispt(  9) =      1     0    70    88   117   147   176   205
               234   263   292
iipe(  9) =     25     0    18    29    30    29    29    29
                29    29    29
ispt( 10) =      1     0    62    88   117   147   176   205
               234   263   292
iipe( 10) =     29     0    26    29    30    29    29    29
                29    29    29
ispt( 11) =      1    30    59     0   141   147   176   205
               234   269   292
iipe( 11) =     29    29    29     0     6    29    29    29
                25    23    29
ispt( 12) =      1    30    59     0     0   157   176   205
               234   279   292
iipe( 12) =     29    29    29     0     0    19    29    29
                12    13    29
ispt( 13) =      1    30    59    88   117   147   176   205
               234   263   292
iipe( 13) =     29    29    29    29    30    29    29    29
                29    29    29
ispt( 14) =      1    30    59    88   117   147   176   205
               234   263   292
iipe( 14) =     29    29    29    29    30    29    29    29
                29    29    29

jspt(  1) =      1    28    55    82   109   137   165   193
               221   249   277   304   331   358
jjpe(  1) =     27    27    27    27    28    28    28    28
                28    28    27    27    27    27
