  npes   npe   mpe   idm   jdm  ibig  jbig  nreg  minsea  maxsea  avesea
   118    10    12   320   384    32    32     1      14    1024     764

ispt(  1) =      1    33    65    97   129   161   193   225
               257   289
iipe(  1) =     32    32    32    32    32    32    32    32
                32    32
ispt(  2) =      1    33    65    97   129   161   193   225
               257   289
iipe(  2) =     32    32    32    32    32    32    32    32
                32    32
ispt(  3) =      1    33    65    97   129   161   193   225
               257   289
iipe(  3) =     32    32    32    32    32    32    32    32
                32    32
ispt(  4) =      1    33    65    97   129   161   193   225
               257   289
iipe(  4) =     32    32    32    32    32    32    32    32
                32    32
ispt(  5) =      1    33    71    97   129   161   193   225
               257   289
iipe(  5) =     32    17    26    32    32    32    32    32
                32    32
ispt(  6) =      1    33    70    97   129   161   193   225
               257   289
iipe(  6) =     32    16    27    32    32    32    32    32
                32    32
ispt(  7) =      1    33    74    97   129   161   193   225
               257   289
iipe(  7) =     32    13    23    32    32    32    32    32
                32    32
ispt(  8) =      1     0    68    97   129   161   193   225
               257   289
iipe(  8) =     25     0    29    32    32    32    32    32
                32    32
ispt(  9) =      1    33    65    97   129   161   193   225
               257   289
iipe(  9) =     32    32    32    32    32    32    32    32
                32    32
ispt( 10) =      1    33    65     0   141   161   193   225
               285   289
iipe( 10) =     32    32    23     0    20    32    32    25
                 4    32
ispt( 11) =      1    33    65    97   129   161   193   225
               257   289
iipe( 11) =     32    32    32    32    32    32    32    32
                32    32
ispt( 12) =      1    33    65    97   129   161   193   225
               257   289
iipe( 12) =     32    32    32    32    32    32    32    32
                32    32

jspt(  1) =      1    33    65    97   129   161   193   225
               257   289   321   353
jjpe(  1) =     32    32    32    32    32    32    32    32
                32    32    32    32
