  npes   npe   mpe   idm   jdm  ibig  jbig  nreg  minsea  maxsea  avesea
   373    18    22   320   384    18    18     1       0     324     241

ispt(  1) =      1    18    35    53    71   100     0     0
                 0   175   179   197   215   233   251   269
               287   304
iipe(  1) =     17    17    18    18     3     7     0     0
                 0     4    18    18    18    18    18    18
                17    17
ispt(  2) =      1    18    35    53    71    89   107   125
               143   161   179   197   215   233   251   269
               287   304
iipe(  2) =     17    17    18    18    18    18    18    18
                18    18    18    18    18    18    18    18
                17    17
ispt(  3) =      1    18    35    53    71    89   107   125
               143   161   179   197   215   233   251   269
               287   304
iipe(  3) =     17    17    18    18    18    18    18    18
                18    18    18    18    18    18    18    18
                17    17
ispt(  4) =      1    18    35    53    71    89   107   125
               143   161   179   197   215   233   251   269
               287   304
iipe(  4) =     17    17    18    18    18    18    18    18
                18    18    18    18    18    18    18    18
                17    17
ispt(  5) =      1    18    35    53    71    89   107   125
               143   161   179   197   215   233   251   269
               287   304
iipe(  5) =     17    17    18    18    18    18    18    18
                18    18    18    18    18    18    18    18
                17    17
ispt(  6) =      1    18    35    53    71    89   107   125
               143   161   179   197   215   233   251   269
               287   304
iipe(  6) =     17    17    18    18    18    18    18    18
                18    18    18    18    18    18    18    18
                17    17
ispt(  7) =      1    18    35    53    71    89   107   125
               143   161   179   197   215   233   251   269
               287   312
iipe(  7) =     17    17    18    18    18    18    18    18
                18    18    18    18    18    18    18    18
                 8     9
ispt(  8) =      1    18    35    67    71    89   107   125
               143   161   179   197   215   233   251   269
               287   318
iipe(  8) =     17    17    14     4    18    18    18    18
                18    18    18    18    18    18    18    18
                 8     3
ispt(  9) =      1    18    35     0    71    89   107   125
               143   161   179   197   215   233   251   269
               287     0
iipe(  9) =     17    17    15     0    18    18    18    18
                18    18    18    18    18    18    18    18
                 3     0
ispt( 10) =      1    18    35    68    71    89   107   125
               143   161   179   197   215   233   251   269
               287   318
iipe( 10) =     17    17    14     3    18    18    18    18
                18    18    18    18    18    18    18    18
                 3     3
ispt( 11) =      1    18    35     0    71    89   107   125
               143   161   179   197   215   233   251   269
               287   311
iipe( 11) =     17    17    13     0    18    18    18    18
                18    18    18    18    18    18    18    18
                 3    10
ispt( 12) =      1    18    35     0    74    89   107   125
               143   161   179   197   215   233   251   269
               287   304
iipe( 12) =     17    17    11     0    15    18    18    18
                18    18    18    18    18    18    18    18
                17    17
ispt( 13) =      1    18    35     0    74    89   107   125
               143   161   179   197   215   233   251   269
               287   304
iipe( 13) =     17    17     7     0    15    18    18    18
                18    18    18    18    18    18    18    18
                17    17
ispt( 14) =      1    18     0    68    71    89   107   125
               143   161   179   197   215   233   251   269
               287   304
iipe( 14) =     17     7     0     3    18    18    18    18
                18    18    18    18    18    18    18    18
                17    17
ispt( 15) =      1    18     0    67    71    89   107   125
               143   161   179   197   215   233   251   269
               287   304
iipe( 15) =     17     6     0     4    18    18    18    18
                18    18    18    18    18    18    18    18
                17    17
ispt( 16) =      1    18    47    53    71    89     0   140
               143   161   179   197   215   233   251   269
               287   304
iipe( 16) =     17    12     6    18    18    10     0     3
                18    18    18    18    18    18    18    18
                17    17
ispt( 17) =      1    18    35    53    71     0     0   140
               143   161   179   197   215   233   251   278
               287   304
iipe( 17) =     17    17    18    18    18     0     0     3
                18    18    18    18    18    18     3     9
                17    17
ispt( 18) =      1    18    35    53    71     0     0     0
               157   161   179   197   215   233     0     0
               287   304
iipe( 18) =     17    17    18    18    18     0     0     0
                 4    18    18    18    18    13     0     0
                17    17
ispt( 19) =      1    18    35    53     0     0     0     0
               158   161   179   197   215   233     0   269
               287   304
iipe( 19) =     17    17    18    12     0     0     0     0
                 3    18    18    18    18     9     0    18
                17    17
ispt( 20) =      1    18    35    53    71    89   107   125
               143   161   179   197   215   233   251   269
               287   304
iipe( 20) =     17    17    18    18    18    18    18    18
                18    18    18    18    18    18    18    18
                17    17
ispt( 21) =      1    18    35    53    71    89   107   125
               143   161   179   197   215   233   251   269
               287   304
iipe( 21) =     17    17    18    18    18    18    18    18
                18    18    18    18    18    18    18    18
                17    17
ispt( 22) =      1    18    35    53    71    89   107   125
               143   161   179   197   215   233   251   269
               287   304
iipe( 22) =     17    17    18    18    18    18    18    18
                18    18    18    18    18    18    18    18
                17    17

jspt(  1) =      1    18    35    52    69    86   103   121
               139   157   175   193   211   229   247   265
               283   300   317   334   351   368
jjpe(  1) =     17    17    17    17    17    17    18    18
                18    18    18    18    18    18    18    18
                17    17    17    17    17    17
