  npes   npe   mpe   idm   jdm  ibig  jbig  nreg  minsea  maxsea  avesea
   190    13    15   320   384    25    26     1       0     650     474

ispt(  1) =      1    25    49    74    99   124   149   174
               199   224   249   273   297
iipe(  1) =     24    24    25    25    25    25    25    25
                25    25    24    24    24
ispt(  2) =      1    25    49    74    99   124   149   174
               199   224   249   273   297
iipe(  2) =     24    24    25    25    25    25    25    25
                25    25    24    24    24
ispt(  3) =      1    25    49    74    99   124   149   174
               199   224   249   273   297
iipe(  3) =     24    24    25    25    25    25    25    25
                25    25    24    24    24
ispt(  4) =      1    25    49    74    99   124   149   174
               199   224   249   273   297
iipe(  4) =     24    24    25    25    25    25    25    25
                25    25    24    24    24
ispt(  5) =      1    25    49    74    99   124   149   174
               199   224   249   273   297
iipe(  5) =     24    24    25    25    25    25    25    25
                25    25    24    24    24
ispt(  6) =      1    25    49    74    99   124   149   174
               199   224   249   273     0
iipe(  6) =     24    24    25    25    25    25    25    25
                25    25    24    20     0
ispt(  7) =      1    25    49    74    99   124   149   174
               199   224   249   273   315
iipe(  7) =     24    24    25    25    25    25    25    25
                25    25    24    15     6
ispt(  8) =      1    25    71    74    99   124   149   174
               199   224   249   273   308
iipe(  8) =     24    21     3    25    25    25    25    25
                25    25    24    16    13
ispt(  9) =      1    25    71    74    99   124   149   174
               199   224   249   273   297
iipe(  9) =     24    21     3    25    25    25    25    25
                25    25    24    24    24
ispt( 10) =      1     0    68    74    99   124   149   174
               199   224   249   273   297
iipe( 10) =     24     0     6    25    25    25    25    25
                25    25    24    24    24
ispt( 11) =      1    25    49    74    99   131   149   174
               199   224   249   273   297
iipe( 11) =     24    24    25    25    21    18    25    25
                25    25    24    24    24
ispt( 12) =      1    25    49    74     0   141   149   174
               199   224   249   283   297
iipe( 12) =     24    24    25    14     0     8    25    25
                25    25     4    14    24
ispt( 13) =      1    25    49    78     0     0   157   174
               199   224   269   273   297
iipe( 13) =     24    24    20    10     0     0    17    25
                25    22     4    24    24
ispt( 14) =      1    25    49    74    99   124   149   174
               199   224   249   273   297
iipe( 14) =     24    24    25    25    25    25    25    25
                25    25    24    24    24
ispt( 15) =      1    25    49    74    99   124   149   174
               199   224   249   273   297
iipe( 15) =     24    24    25    25    25    25    25    25
                25    25    24    24    24

jspt(  1) =      1    26    51    77   103   129   155   181
               207   233   259   285   310   335   360
jjpe(  1) =     25    25    26    26    26    26    26    26
                26    26    26    25    25    25    25
