  npes   npe   mpe   idm   jdm  ibig  jbig  nreg  minsea  maxsea  avesea
    79    10     8   240   257    24    33     2       0     792     518

ispt(  1) =      1    25    49    73    97   121   145   169
               193   217
iipe(  1) =     24    24    24    24    24    24    24    24
                24    24
ispt(  2) =      1    25    49    73    97   121   145   169
               193   217
iipe(  2) =     24    24    24    24    24    24    24    24
                24    24
ispt(  3) =      1    25    49    73    97   121   145   169
               193   217
iipe(  3) =     24    24    24    24    24    24    24    24
                24    24
ispt(  4) =      1    25    49    73    97   121   145   169
               193   217
iipe(  4) =     24    24    24    24    24    24    24    24
                24    24
ispt(  5) =      1    25    49    73   100   121   145   169
               193   217
iipe(  5) =     24    24    24     9    21    24    24    24
                24    24
ispt(  6) =      1    25    49    73    97   121   145   169
               193   217
iipe(  6) =     24    24    24    24    24    24    24    24
                24    24
ispt(  7) =     11    25    49    73    97     0   164   169
               193   217
iipe(  7) =     14    24    24    24     3     0     5    24
                24    16
ispt(  8) =      1    25    49    73    97   121   145   169
               193   217
iipe(  8) =     24    24    24    24    24    24    24    24
                24    24
 
jspt(  1) =      1    33    65    97   130   162   194   226
jjpe(  1) =     32    32    32    33    32    32    32    32
