  npes   npe   mpe   idm   jdm  ibig  jbig  nreg  minsea  maxsea  avesea
    63     8     8   240   257    30    33     2      23     990     650

ispt(  1) =      1    31    61    91   121   151   181   211
iipe(  1) =     30    30    30    30    30    30    30    30
ispt(  2) =      1    31    61    91   121   151   181   211
iipe(  2) =     30    30    30    30    30    30    30    30
ispt(  3) =      1    31    61    91   121   151   181   211
iipe(  3) =     30    30    30    30    30    30    30    30
ispt(  4) =      1    40    61    99   121   151   181   211
iipe(  4) =     23    21    24    22    30    30    30    30
ispt(  5) =      1    31    61   100   121   151   181   211
iipe(  5) =     30    30    21    21    30    30    30    30
ispt(  6) =      1    31    61    91   121   151   181   211
iipe(  6) =     30    30    30    30    30    30    30    30
ispt(  7) =     11    31    61    91     0   164   181   211
iipe(  7) =     20    30    30     9     0    17    30    22
ispt(  8) =      1    31    61    91   121   151   181   211
iipe(  8) =     30    30    30    30    30    30    30    30
 
jspt(  1) =      1    33    65    97   130   162   194   226
jjpe(  1) =     32    32    32    33    32    32    32    32
