  npes   npe   mpe   idm   jdm  ibig  jbig  nreg  minsea  maxsea  avesea
    99     9    11   320   384    36    35     1       9    1260     911

ispt(  1) =      1    36    72   108   144   180   216   251
               286
iipe(  1) =     35    36    36    36    36    36    35    35
                35
ispt(  2) =      1    36    72   108   144   180   216   251
               286
iipe(  2) =     35    36    36    36    36    36    35    35
                35
ispt(  3) =      1    36    72   108   144   180   216   251
               286
iipe(  3) =     35    36    36    36    36    36    35    35
                35
ispt(  4) =      1    36    72   108   144   180   216   251
               286
iipe(  4) =     35    36    36    36    36    36    35    35
                35
ispt(  5) =      1    36    72   108   144   180   216   251
               286
iipe(  5) =     35    36    36    36    36    36    35    35
                35
ispt(  6) =      1    36    72   108   144   180   216   251
               286
iipe(  6) =     35    36    36    36    36    36    35    35
                35
ispt(  7) =      1    36    72   108   144   180   216   251
               286
iipe(  7) =     35    36    36    36    36    36    35    35
                35
ispt(  8) =      1    50    72   108   144   180   216   251
               286
iipe(  8) =     28    22    36    36    36    36    35    35
                35
ispt(  9) =      1    36    72   141   144   180   216   251
               286
iipe(  9) =     35    36    16     3    36    36    35    35
                35
ispt( 10) =      1    36    79   108   144   180   216   251
               286
iipe( 10) =     35    33    29    36    36    36    35    35
                35
ispt( 11) =      1    36    72   108   144   180   216   251
               286
iipe( 11) =     35    36    36    36    36    36    35    35
                35

jspt(  1) =      1    36    71   106   141   176   211   246
               281   316   351
jjpe(  1) =     35    35    35    35    35    35    35    35
                35    35    34
