  npes   npe   mpe   idm   jdm  ibig  jbig  nreg  minsea  maxsea  avesea
    64     8     8   320   384    40    48     1     112    1920    1409

ispt(  1) =      1    41    81   121   161   201   241   281
iipe(  1) =     40    40    40    40    40    40    40    40
ispt(  2) =      1    41    81   121   161   201   241   281
iipe(  2) =     40    40    40    40    40    40    40    40
ispt(  3) =      1    41    81   121   161   201   241   281
iipe(  3) =     40    40    40    40    40    40    40    40
ispt(  4) =      1    41    81   121   161   201   241   281
iipe(  4) =     40    40    40    40    40    40    40    40
ispt(  5) =      1    41    81   121   161   201   241   281
iipe(  5) =     40    40    40    40    40    40    40    40
ispt(  6) =      1    45    81   121   161   201   241   281
iipe(  6) =     36    36    40    40    40    40    40    40
ispt(  7) =      1    41    81   141   161   201   241   281
iipe(  7) =     40    40     7    20    40    40    40    40
ispt(  8) =      1    41    81   121   161   201   241   281
iipe(  8) =     40    40    40    40    40    40    40    40

jspt(  1) =      1    49    97   145   193   241   289   337
jjpe(  1) =     48    48    48    48    48    48    48    48
