  npes   npe   mpe   idm   jdm  ibig  jbig  nreg  minsea  maxsea  avesea
   176    12    15   320   384    27    26     1       3     702     512

ispt(  1) =      1    27    53    80   107   134   161   188
               215   242   269   295
iipe(  1) =     26    26    27    27    27    27    27    27
                27    27    26    26
ispt(  2) =      1    27    53    80   107   134   161   188
               215   242   269   295
iipe(  2) =     26    26    27    27    27    27    27    27
                27    27    26    26
ispt(  3) =      1    27    53    80   107   134   161   188
               215   242   269   295
iipe(  3) =     26    26    27    27    27    27    27    27
                27    27    26    26
ispt(  4) =      1    27    53    80   107   134   161   188
               215   242   269   295
iipe(  4) =     26    26    27    27    27    27    27    27
                27    27    26    26
ispt(  5) =      1    27    53    80   107   134   161   188
               215   242   269   295
iipe(  5) =     26    26    27    27    27    27    27    27
                27    27    26    26
ispt(  6) =      1    27    71    80   107   134   161   188
               215   242   269     0
iipe(  6) =     26    23     9    27    27    27    27    27
                27    27    26     0
ispt(  7) =      1    27    70    80   107   134   161   188
               215   242   269   315
iipe(  7) =     26    22    10    27    27    27    27    27
                27    27    19     6
ispt(  8) =      1    27    71    80   107   134   161   188
               215   242   269   308
iipe(  8) =     26    19     9    27    27    27    27    27
                27    27    20    13
ispt(  9) =      1    27    73    80   107   134   161   188
               215   242   269   295
iipe(  9) =     26    19     7    27    27    27    27    27
                27    27    26    26
ispt( 10) =      1     0    68    80   107   134   161   188
               215   242   269   295
iipe( 10) =     23     0    12    27    27    27    27    27
                27    27    26    26
ispt( 11) =      1    27    53    80   113   134   161   188
               215   242   269   295
iipe( 11) =     26    26    27    22    21    27    27    27
                27    27    26    26
ispt( 12) =      1    27    53    80     0   141   161   188
               215   242   283   295
iipe( 12) =     26    26    27     8     0    20    27    27
                27    11    12    26
ispt( 13) =      1    27    53    80     0   157   161   188
               215   242   269   295
iipe( 13) =     26    26    27     8     0     4    27    27
                27    27    26    26
ispt( 14) =      1    27    53    80   107   134   161   188
               215   242   269   295
iipe( 14) =     26    26    27    27    27    27    27    27
                27    27    26    26
ispt( 15) =      1    27    53    80   107   134   161   188
               215   242   269   295
iipe( 15) =     26    26    27    27    27    27    27    27
                27    27    26    26

jspt(  1) =      1    26    51    77   103   129   155   181
               207   233   259   285   310   335   360
jjpe(  1) =     25    25    26    26    26    26    26    26
                26    26    26    25    25    25    25
