  npes   npe   mpe   idm   jdm  ibig  jbig  nreg  minsea  maxsea  avesea
   214    14    16   320   384    23    24     1       0     552     421

ispt(  1) =      1    23    46    69    92   115   138   161
               184   207   230   253   276   299
iipe(  1) =     22    23    23    23    23    23    23    23
                23    23    23    23    23    22
ispt(  2) =      1    23    46    69    92   115   138   161
               184   207   230   253   276   299
iipe(  2) =     22    23    23    23    23    23    23    23
                23    23    23    23    23    22
ispt(  3) =      1    23    46    69    92   115   138   161
               184   207   230   253   276   299
iipe(  3) =     22    23    23    23    23    23    23    23
                23    23    23    23    23    22
ispt(  4) =      1    23    46    69    92   115   138   161
               184   207   230   253   276   299
iipe(  4) =     22    23    23    23    23    23    23    23
                23    23    23    23    23    22
ispt(  5) =      1    23    46    69    92   115   138   161
               184   207   230   253   276   311
iipe(  5) =     22    23    23    23    23    23    23    23
                23    23    23    23    19    10
ispt(  6) =      1    23    46    69    92   115   138   161
               184   207   230   253   276   318
iipe(  6) =     22    23    23    23    23    23    23    23
                23    23    23    23    19     3
ispt(  7) =      1    23    46    69    92   115   138   161
               184   207   230   253   276     0
iipe(  7) =     22    23    23    23    23    23    23    23
                23    23    23    23    13     0
ispt(  8) =      1    23    46    69    92   115   138   161
               184   207   230   253   276   311
iipe(  8) =     22    23    23    23    23    23    23    23
                23    23    23    23    12    10
ispt(  9) =      1    23     0    74    92   115   138   161
               184   207   230   253   276   303
iipe(  9) =     22    23     0    18    23    23    23    23
                23    23    23    23    13    18
ispt( 10) =      1    23     0    72    92   115   138   161
               184   207   230   253   276   299
iipe( 10) =     22     4     0    20    23    23    23    23
                23    23    23    23    23    22
ispt( 11) =      1    23    66    69    92   115   138   161
               184   207   230   253   276   299
iipe( 11) =     22     3     3    23    23    23    23    23
                23    23    23    23    23    22
ispt( 12) =      1    23    46    69    92     0   138   161
               184   207   230   253   276   299
iipe( 12) =     22    23    23    23     7     0    23    23
                23    23    23    23    23    22
ispt( 13) =      1    23    46    69     0     0   141   161
               184   207   230     0   285   299
iipe( 13) =     22    23    23    19     0     0    20    23
                23    23    20     0    14    22
ispt( 14) =      1    23    46     0     0     0   154   161
               184   207   230   267   276   299
iipe( 14) =     22    23    23     0     0     0     7    23
                23    23    15     9    23    22
ispt( 15) =      1    23    46    69    92   115   138   161
               184   207   230   253   276   299
iipe( 15) =     22    23    23    23    23    23    23    23
                23    23    23    23    23    22
ispt( 16) =      1    23    46    69    92   115   138   161
               184   207   230   253   276   299
iipe( 16) =     22    23    23    23    23    23    23    23
                23    23    23    23    23    22

jspt(  1) =      1    25    49    73    97   121   145   169
               193   217   241   265   289   313   337   361
jjpe(  1) =     24    24    24    24    24    24    24    24
                24    24    24    24    24    24    24    24
