  npes   npe   mpe   idm   jdm  ibig  jbig  nreg  minsea  maxsea  avesea
   128     6    22   360   385    60    18     2       0    1080     707

ispt(  1) =     57    61     0     0   273   301
iipe(  1) =      4    23     0     0    28    22
ispt(  2) =      1    61   178   181   273   301
iipe(  2) =     60    51     3     3    28    60
ispt(  3) =      1    61   121   181   241   301
iipe(  3) =     60    60    60    60    60    60
ispt(  4) =      1    61   121   181   241   301
iipe(  4) =     60    60    60    60    60    60
ispt(  5) =      1    61   121   181   241   301
iipe(  5) =     60    60    60    60    60    60
ispt(  6) =      1    61   121   181   241   301
iipe(  6) =     60    60    60    60    60    60
ispt(  7) =      1    61   121   181   241   301
iipe(  7) =     60    60    60    60    60    60
ispt(  8) =      1    67   121   181   241   301
iipe(  8) =     41    54    60    60    60    60
ispt(  9) =      1    71   121   181   241   301
iipe(  9) =     35    50    60    60    60    60
ispt( 10) =      1    68   121   181   241   301
iipe( 10) =     32    53    60    60    60    60
ispt( 11) =      1    61   121   181   241   301
iipe( 11) =     60    60    60    60    60    60
ispt( 12) =      1    61   121   181   241   301
iipe( 12) =     60    60    60    60    60    60
ispt( 13) =      1    61   154   181   241   301
iipe( 13) =     60    56    27    60    60    60
ispt( 14) =      1    61   149   181   241   301
iipe( 14) =     60    37    32    60    60    60
ispt( 15) =      1    61   127   181   241   301
iipe( 15) =     60    41    54    60    60    60
ispt( 16) =      1    61   121   229   241   301
iipe( 16) =     60    60    47    12    60    60
ispt( 17) =     28    61   121   238   241   301
iipe( 17) =     33    60    32     3    60    47
ispt( 18) =     16    61   121     0   247   301
iipe( 18) =     45    60    18     0    54    43
ispt( 19) =     16    61   121     0   249   301
iipe( 19) =     45    60    26     0    52    31
ispt( 20) =     20    61   121   238   241   301
iipe( 20) =     41    60    29     3    60    24
ispt( 21) =     24    61   121   224   241   301
iipe( 21) =     37    60    34    17    60    32
ispt( 22) =      1    61   121   181   241   301
iipe( 22) =     60    60    60    60    60    60
 
jspt(  1) =      1    18    35    52    69    86   104   122
               140   158   176   194   212   230   248   266
               284   301   318   335   352   369
jjpe(  1) =     17    17    17    17    17    18    18    18
                18    18    18    18    18    18    18    18
                17    17    17    17    17    17
