  npes   npe   mpe   idm   jdm  ibig  jbig  nreg  minsea  maxsea  avesea
   256    18    16   360   385    20    25     2       0     500     353

ispt(  1) =      1     0    49    61    81     0     0     0
                 0     0     0     0     0   273   281   301
               321   341
iipe(  1) =      8     0    12    20     6     0     0     0
                 0     0     0     0     0     8    20    20
                20    20
ispt(  2) =      1    21    41    61    81   101   121   141
               161   181   201   221   241   261   281   301
               321   341
iipe(  2) =     20    20    20    20    20    20    20    20
                20    20    20    20    20    20    20    20
                20    20
ispt(  3) =      1    21    41    61    81   101   121   141
               161   181   201   221   241   261   281   301
               321   341
iipe(  3) =     20    20    20    20    20    20    20    20
                20    20    20    20    20    20    20    20
                20    20
ispt(  4) =      1    21    41    61    81   101   121   141
               161   181   201   221   241   261   281   301
               321   341
iipe(  4) =     20    20    20    20    20    20    20    20
                20    20    20    20    20    20    20    20
                20    20
ispt(  5) =      1    21    41    61    81   101   121   141
               161   181   201   221   241   261   281   301
               321   341
iipe(  5) =     20    20    20    20    20    20    20    20
                20    20    20    20    20    20    20    20
                20    20
ispt(  6) =      1    21    41    65    81   101   121   145
               161   181   201   221   241   261   281   301
               321   341
iipe(  6) =     20    20     3    16    20    20     5    16
                20    20    20    20    20    20    20    20
                20    20
ispt(  7) =      1    21     0    72    81   101   121   149
               161   181   201   221   241   261   281   301
               321   341
iipe(  7) =     20    14     0     9    20    20     5    12
                20    20    20    20    20    20    20    20
                20    20
ispt(  8) =      1    21    58    61    81   101   121   149
               161   181   201   221   241   261   281   301
               321   341
iipe(  8) =     20    12     3    20    20    20     3    12
                20    20    20    20    20    20    20    20
                20    20
ispt(  9) =      1    21    51    61    81   101   121   154
               161   181   201   221   241   261   281   301
               321   341
iipe(  9) =     20    14    10    20    20    20     3     7
                20    20    20    20    20    20    20    20
                20    20
ispt( 10) =      1    21    41    61    81     0     0   150
               161   181   201   221   241   261   281   301
               321   341
iipe( 10) =     20    20    20    20    20     0     0    11
                20    20    20    20    20    20    20    20
                20    20
ispt( 11) =      1    21    41    61    81   101   127   141
               161   181   201   221   241   261   281   301
               321   341
iipe( 11) =     20    20    20    20    20     3    14    20
                20    20    20    20    20    20    20    20
                20    20
ispt( 12) =      1    21    41    61    81   101   121   141
               161     0     0   229   241   261   281   301
               321   341
iipe( 12) =     20    20    20    20    20    20    20    20
                 7     0     0    12    20    20    20    20
                20    20
ispt( 13) =     18    21    41    61    81   101   121   141
                 0     0     0     0   247   261   281   301
               321   341
iipe( 13) =      3    20    20    20    20    20    20     9
                 0     0     0     0    14    20    20    20
                20     7
ispt( 14) =     16    21    41    61    81   101   121   141
                 0     0     0     0   247   261   281   301
               321     0
iipe( 14) =      5    20    20    20    20    20    20     6
                 0     0     0     0    14    20    20    20
                14     0
ispt( 15) =      0    21    41    61    88   101   121   141
                 0     0     0   235   241   261   281   301
               321     0
iipe( 15) =      0    20    20    14    13    20    20    12
                 0     0     0     6    20    20    20    20
                 8     0
ispt( 16) =      0    21    41    61    81   101   121   141
                 0     0   201   221   241   261   281   301
               321     0
iipe( 16) =      0    20    20    20    20    20    20    20
                 0     0    20    20    20    20    20    20
                20     0
 
jspt(  1) =      1    25    49    73    97   121   145   169
               194   218   242   266   290   314   338   362
jjpe(  1) =     24    24    24    24    24    24    24    25
                24    24    24    24    24    24    24    24
