  npes   npe   mpe   idm   jdm  ibig  jbig  nreg  minsea  maxsea  avesea
    63     8     8   360   385    45    49     2      51    2205    1437

ispt(  1) =      1    46    91   136   181   226   271   316
iipe(  1) =     45    45    45    45    45    45    45    45
ispt(  2) =      1    46    91   136   181   226   271   316
iipe(  2) =     45    45    45    45    45    45    45    45
ispt(  3) =      1    46    91   136   181   226   271   316
iipe(  3) =     45    45    45    45    45    45    45    45
ispt(  4) =      1    60    91   149   181   226   271   316
iipe(  4) =     34    31    35    32    45    45    45    45
ispt(  5) =      1    46    91   150   181   226   271   316
iipe(  5) =     45    45    31    31    45    45    45    45
ispt(  6) =      1    46    91   136   181   226   271   316
iipe(  6) =     45    45    45    45    45    45    45    45
ispt(  7) =     16    46    91   136     0   247   271   316
iipe(  7) =     30    45    45    14     0    24    45    32
ispt(  8) =      1    46    91   136   181   226   271   316
iipe(  8) =     45    45    45    45    45    45    45    45
 
jspt(  1) =      1    49    97   145   194   242   290   338
jjpe(  1) =     48    48    48    49    48    48    48    48
