  npes   npe   mpe   idm   jdm  ibig  jbig  nreg  minsea  maxsea  avesea
   761    30    31   360   385    12    13     2       0     156     118

ispt(  1) =      0     0     0     0     0    61    73     0
                 0     0     0     0     0     0     0     0
                 0     0     0     0     0     0   274   277
               289   301   313     0     0     0
iipe(  1) =      0     0     0     0     0    12     5     0
                 0     0     0     0     0     0     0     0
                 0     0     0     0     0     0     3    12
                12    12     3     0     0     0
ispt(  2) =      1     0     0     0    49    61    73    85
                 0     0     0     0     0     0     0     0
                 0     0     0     0     0     0   273   277
               289   301   313   325   337     0
iipe(  2) =      8     0     0     0    12    12    12     3
                 0     0     0     0     0     0     0     0
                 0     0     0     0     0     0     4    12
                12    12    12    12     6     0
ispt(  3) =      1    13    25    37    49    61    73    85
                97   109     0   133     0     0   178   181
                 0     0     0     0     0     0   273   277
               289   301   313   325   337   349
iipe(  3) =     12    12    12    12    12    12    12    12
                12     8     0     7     0     0     3     3
                 0     0     0     0     0     0     4    12
                12    12    12    12    12    12
ispt(  4) =      1    13    25    37    49    61    73    85
                97   109   121   133   145   157   169   181
               193   205   217   229   241   253   265   277
               289   301   313   325   337   349
iipe(  4) =     12    12    12    12    12    12    12    12
                12    12    12    12    12    12    12    12
                12    12    12    12    12    12    12    12
                12    12    12    12    12    12
ispt(  5) =      1    13    25    37    49    61    73    85
                97   109   121   133   145   157   169   181
               193   205   217   229   241   253   265   277
               289   301   313   325   337   349
iipe(  5) =     12    12    12    12    12    12    12    12
                12    12    12    12    12    12    12    12
                12    12    12    12    12    12    12    12
                12    12    12    12    12    12
ispt(  6) =      1    13    25    37    49    61    73    85
                97   109   121   133   145   157   169   181
               193   205   217   229   241   253   265   277
               289   301   313   325   337   349
iipe(  6) =     12    12    12    12    12    12    12    12
                12    12    12    12    12    12    12    12
                12    12    12    12    12    12    12    12
                12    12    12    12    12    12
ispt(  7) =      1    13    25    37    49    61    73    85
                97   109   121   133   145   157   169   181
               193   205   217   229   241   253   265   277
               289   301   313   325   337   349
iipe(  7) =     12    12    12    12    12    12    12    12
                12    12    12    12    12    12    12    12
                12    12    12    12    12    12    12    12
                12    12    12    12    12    12
ispt(  8) =      1    13    25    37    49    61    73    85
                97   109   121   133   145   157   169   181
               193   205   217   229   241   253   265   277
               289   301   313   325   337   349
iipe(  8) =     12    12    12    12    12    12    12    12
                12    12    12    12    12    12    12    12
                12    12    12    12    12    12    12    12
                12    12    12    12    12    12
ispt(  9) =      1    13    25    37    49    61    73    85
                97   109   121   133   145   157   169   181
               193   205   217   229   241   253   265   277
               289   301   313   325   337   349
iipe(  9) =     12    12    12    12    12    12    12    12
                12    12    12    12    12    12    12    12
                12    12    12    12    12    12    12    12
                12    12    12    12    12    12
ispt( 10) =      1    13    25    37    58    61    73    85
                97   109   121   139   145   157   169   181
               193   205   217   229   241   257   265   277
               289   301   313   325   337   349
iipe( 10) =     12    12    12     5     3    12    12    12
                12    12     9     6    12    12    12    12
                12    12    12    12     5     8    12    12
                12    12    12    12    12    12
ispt( 11) =      1    13    25    37     0    69    73    85
                97   109   121     0   145   157   169   181
               193   205   217   229   241   253   265   277
               289   301   313   325   337   349
iipe( 11) =     12    12    12     5     0     4    12    12
                12    12     5     0    12    12    12    12
                12    12    12    12    12    12    12    12
                12    12    12    12    12    12
ispt( 12) =      1    13    25     0     0    70    73    85
                97   109   121     0   150   157   169   181
               193   205   217   229   241   253   265   277
               289   301   313   325   337   349
iipe( 12) =     12    12    12     0     0     3    12    12
                12    12     5     0     7    12    12    12
                12    12    12    12    12    12    12    12
                12    12    12    12    12    12
ispt( 13) =      1    13    25     0     0     0    73    85
                97   109   121     0   149   157   169   181
               193   205   217   229   241   253   265   277
               289   301   313   325   337   349
iipe( 13) =     12    12     9     0     0     0    12    12
                12    12     5     0     8    12    12    12
                12    12    12    12    12    12    12    12
                12    12    12    12    12    12
ispt( 14) =      1    13    25     0     0    69    73    85
                97   109   121     0   149   157   169   181
               193   205   217   229   241   253   265   277
               289   301   313   325   337   349
iipe( 14) =     12    12     7     0     0     4    12    12
                12    12     4     0     8    12    12    12
                12    12    12    12    12    12    12    12
                12    12    12    12    12    12
ispt( 15) =      1    13    25     0    58    61    73    85
                97   109   121     0   150   157   169   181
               193   205   217   229   241   253   265   277
               289   301   313   325   337   349
iipe( 15) =     12    12     7     0     3    12    12    12
                12    12     3     0     7    12    12    12
                12    12    12    12    12    12    12    12
                12    12    12    12    12    12
ispt( 16) =      1    13    25     0    58    61    73    85
                97   109   121     0   152   157   169   181
               193   205   217   229   241   253   265   277
               289   301   313   325   337   349
iipe( 16) =     12    12    12     0     3    12    12    12
                12    12     3     0     5    12    12    12
                12    12    12    12    12    12    12    12
                12    12    12    12    12    12
ispt( 17) =      1    13    25     0    52    61    73    85
                97   109   121     0   154   157   169   181
               193   205   217   229   241   253   265   277
               289   301   313   325   337   349
iipe( 17) =     12    12    12     0     9    12    12    12
                12    12     3     0     3    12    12    12
                12    12    12    12    12    12    12    12
                12    12    12    12    12    12
ispt( 18) =      1    13    25    37    49    61    73    85
                97   109     0     0   154   157   169   181
               193   205   217   229   241   253   265   277
               289   301   313   325   337   349
iipe( 18) =     12    12    12    12    12    12    12    12
                12     8     0     0     3    12    12    12
                12    12    12    12    12    12    12    12
                12    12    12    12    12    12
ispt( 19) =      1    13    25    37    49    61    73    85
                97     0     0     0   151   157   169   181
               193   205   217   229   241   253   265   277
               289   301   313   325   337   349
iipe( 19) =     12    12    12    12    12    12    12    12
                 3     0     0     0     6    12    12    12
                12    12    12    12    12    12    12    12
                12    12    12    12    12    12
ispt( 20) =      1    13    25    37    49    61    73    85
                 0     0     0     0   145   157   169   181
               193   205   217   229   241   253   265   277
               289   301   313   325   337   349
iipe( 20) =     12    12    12    12    12    12    12    12
                 0     0     0     0    12    12    12    12
                12    12    12    12    12    12    12    12
                12    12    12    12    12    12
ispt( 21) =      1    13    25    37    49    61    73    85
                97     0   127   133   145   157   169   181
               193   205   217   229   241   253   265   277
               289   301   313   325   337   349
iipe( 21) =     12    12    12    12    12    12    12    12
                 5     0     6    12    12    12    12    12
                12    12    12    12    12    12    12    12
                12    12    12    12    12    12
ispt( 22) =      1    13    25    37    49    61    73    85
                97   109   121   133   145   157     0     0
                 0     0     0   229   241   253   265   277
               289   301   313   325   337   349
iipe( 22) =     12    12    12    12    12    12    12    12
                12    12    12    12    12    12     0     0
                 0     0     0    12    12    12    12    12
                12    12    12    12    12    12
ispt( 23) =      0     0    34    37    49    61    73    85
                97   109   121   133   145     0     0     0
                 0     0     0   229   241   253   265   277
               289   301   313   325   337   349
iipe( 23) =      0     0     3    12    12    12    12    12
                12    12    12    12     8     0     0     0
                 0     0     0    12    12    12    12    12
                12    12    12    12    12     3
ispt( 24) =      0     0    28    43    49    61    73    85
                97   109   121   133   145     0     0     0
                 0     0     0     0   247   253   265   277
               289   301   313   325   337     0
iipe( 24) =      0     0     6     6    12    12    12    12
                12    12    12    12     5     0     0     0
                 0     0     0     0     6    12    12    12
                12    12    12    12    12     0
ispt( 25) =      0    18    25    37    49    61    73    85
                97   109   121   133     0     0     0     0
                 0     0     0     0   247   253   265   277
               289   301   313   325   337     0
iipe( 25) =      0     7    12    12    12    12    12    12
                12    12    12     6     0     0     0     0
                 0     0     0     0     6    12    12    12
                12    12    12    12     6     0
ispt( 26) =      0    16    25    37    49    61    73    85
                97   109   121   133     0     0     0     0
                 0     0     0     0     0     0   265   277
               289   301   313   325     0     0
iipe( 26) =      0     9    12    12    12    12    12    12
                12    12    12    12     0     0     0     0
                 0     0     0     0     0     0    12    12
                12    12    12    12     0     0
ispt( 27) =      0    17    25    37    49    61    77    85
                97   109   121   133   145     0     0     0
                 0     0     0     0   247   253   265   277
               289   301     0     0     0     0
iipe( 27) =      0     8    12    12    12     6     8    12
                12    12    12    12     3     0     0     0
                 0     0     0     0     6    12    12    12
                12     6     0     0     0     0
ispt( 28) =      0    22    25    37    49    61     0    88
                97   109   121   133   145     0     0     0
                 0     0     0   238   241   253   265   277
               289   301   313     0     0     0
iipe( 28) =      0     3    12    12    12     6     0     9
                12    12    12    12     5     0     0     0
                 0     0     0     3    12    12    12    12
                12    12    12     0     0     0
ispt( 29) =      0     0    25    37    49    61    73    90
                97   109   121   133   145     0     0     0
                 0     0     0   235   241   253   265   277
               289   301   313   325     0     0
iipe( 29) =      0     0    12    12    12    12     3     7
                12    12    12    12     8     0     0     0
                 0     0     0     6    12    12    12    12
                12    12    12     4     0     0
ispt( 30) =      0    22    25    37    49    61    73    85
                97   109   121   133   145     0     0     0
                 0     0   217   229   241   253   265   277
               289   301   313   325     0     0
iipe( 30) =      0     3    12    12    12    12    12    12
                12    12    12    12    12     0     0     0
                 0     0    12    12    12    12    12    12
                12    12    12    12     0     0
ispt( 31) =      0    13    25    37    49    61    73    85
                97   109   121   133   145   157     0     0
               193   205   217   229   241   253   265   277
               289   301   313   325   337     0
iipe( 31) =      0    12    12    12    12    12    12    12
                12    12    12    12    12    12     0     0
                12    12    12    12    12    12    12    12
                12    12    12    12    12     0
 
jspt(  1) =      1    13    25    37    49    61    73    85
                97   110   123   136   149   162   175   188
               201   214   227   240   253   266   278   290
               302   314   326   338   350   362   374
jjpe(  1) =     12    12    12    12    12    12    12    12
                13    13    13    13    13    13    13    13
                13    13    13    13    13    12    12    12
                12    12    12    12    12    12    12
