  npes   npe   mpe   idm   jdm  ibig  jbig  nreg  minsea  maxsea  avesea
   623    24    31   360   385    15    13     2       0     195     145

ispt(  1) =      0     0     0     0    61    76     0     0
                 0     0     0     0     0     0     0     0
                 0     0   274   286   301     0     0     0
iipe(  1) =      0     0     0     0    15     3     0     0
                 0     0     0     0     0     0     0     0
                 0     0    12    15    15     0     0     0
ispt(  2) =      1     0     0    49    61    76     0     0
                 0     0     0     0     0     0     0     0
                 0     0   271   286   301   316   331     0
iipe(  2) =      8     0     0    12    15    11     0     0
                 0     0     0     0     0     0     0     0
                 0     0    15    15    15    15    12     0
ispt(  3) =      1    16    31    49    61    76    91   106
               133   136     0   178   181     0     0     0
                 0     0   271   286   301   316   331   346
iipe(  3) =     15    15     8    12    15    15    15    11
                 3     4     0     3     3     0     0     0
                 0     0    15    15    15    15    15    15
ispt(  4) =      1    16    31    46    61    76    91   106
               121   136   151   166   181   196   211   226
               241   256   271   286   301   316   331   346
iipe(  4) =     15    15    15    15    15    15    15    15
                15    15    15    15    15    15    15    15
                15    15    15    15    15    15    15    15
ispt(  5) =      1    16    31    46    61    76    91   106
               121   136   151   166   181   196   211   226
               241   256   271   286   301   316   331   346
iipe(  5) =     15    15    15    15    15    15    15    15
                15    15    15    15    15    15    15    15
                15    15    15    15    15    15    15    15
ispt(  6) =      1    16    31    46    61    76    91   106
               121   136   151   166   181   196   211   226
               241   256   271   286   301   316   331   346
iipe(  6) =     15    15    15    15    15    15    15    15
                15    15    15    15    15    15    15    15
                15    15    15    15    15    15    15    15
ispt(  7) =      1    16    31    46    61    76    91   106
               121   136   151   166   181   196   211   226
               241   256   271   286   301   316   331   346
iipe(  7) =     15    15    15    15    15    15    15    15
                15    15    15    15    15    15    15    15
                15    15    15    15    15    15    15    15
ispt(  8) =      1    16    31    46    61    76    91   106
               121   136   151   166   181   196   211   226
               241   256   271   286   301   316   331   346
iipe(  8) =     15    15    15    15    15    15    15    15
                15    15    15    15    15    15    15    15
                15    15    15    15    15    15    15    15
ispt(  9) =      1    16    31    46    61    76    91   106
               121   136   151   166   181   196   211   226
               241   256   271   286   301   316   331   346
iipe(  9) =     15    15    15    15    15    15    15    15
                15    15    15    15    15    15    15    15
                15    15    15    15    15    15    15    15
ispt( 10) =      1    16    31    58    61    76    91   106
               121   139   151   166   181   196   211   226
               241   256   271   286   301   316   331   346
iipe( 10) =     15    15    11     3    15    15    15    15
                 9    12    15    15    15    15    15    15
                15    15    15    15    15    15    15    15
ispt( 11) =      1    16    31     0    69    76    91   106
               121   145   151   166   181   196   211   226
               241   256   271   286   301   316   331   346
iipe( 11) =     15    15    11     0     7    15    15    15
                 5     6    15    15    15    15    15    15
                15    15    15    15    15    15    15    15
ispt( 12) =      1    16    31     0    71    76    91   106
               121   148   151   166   181   196   211   226
               241   256   271   286   301   316   331   346
iipe( 12) =     15    15     6     0     5    15    15    15
                 5     3    15    15    15    15    15    15
                15    15    15    15    15    15    15    15
ispt( 13) =      1    16    31     0    73    76    91   106
               121   148   151   166   181   196   211   226
               241   256   271   286   301   316   331   346
iipe( 13) =     15    15     3     0     3    15    15    15
                 5     3    15    15    15    15    15    15
                15    15    15    15    15    15    15    15
ispt( 14) =      1    16    31     0    69    76    91   106
               121   148   151   166   181   196   211   226
               241   256   271   286   301   316   331   346
iipe( 14) =     15    15     3     0     7    15    15    15
                 4     3    15    15    15    15    15    15
                15    15    15    15    15    15    15    15
ispt( 15) =      1    16    31    58    61    76    91   106
               121   148   151   166   181   196   211   226
               241   256   271   286   301   316   331   346
iipe( 15) =     15    15     3     3    15    15    15    15
                 3     3    15    15    15    15    15    15
                15    15    15    15    15    15    15    15
ispt( 16) =      1    16    31    58    61    76    91   106
               121     0   151   166   181   196   211   226
               241   256   271   286   301   316   331   346
iipe( 16) =     15    15     4     3    15    15    15    15
                 3     0    15    15    15    15    15    15
                15    15    15    15    15    15    15    15
ispt( 17) =      1    16    31    52    61    76    91   106
               121     0   156   166   181   196   211   226
               241   256   271   286   301   316   331   346
iipe( 17) =     15    15     4     9    15    15    15    15
                 3     0    10    15    15    15    15    15
                15    15    15    15    15    15    15    15
ispt( 18) =      1    16    31    46    61    76    91   110
                 0     0   156   166   181   196   211   226
               241   256   271   286   301   316   331   346
iipe( 18) =     15    15    15    15    15    15    11     7
                 0     0    10    15    15    15    15    15
                15    15    15    15    15    15    15    15
ispt( 19) =      1    16    31    46    61    76    91     0
                 0     0   151   166   181   196   211   226
               241   256   271   286   301   316   331   346
iipe( 19) =     15    15    15    15    15    15     8     0
                 0     0    15    15    15    15    15    15
                15    15    15    15    15    15    15    15
ispt( 20) =      1    16    31    46    61    76    91     0
                 0   147   151   166   181   196   211   226
               241   256   271   286   301   316   331   346
iipe( 20) =     15    15    15    15    15    15     5     0
                 0     4    15    15    15    15    15    15
                15    15    15    15    15    15    15    15
ispt( 21) =      1    16    31    46    61    76    91     0
               127   136   151   166   181   196   216   226
               241   256   271   286   301   316   331   346
iipe( 21) =     15    15    15    15    15    15    11     0
                 9    15    15    15    15    10    10    15
                15    15    15    15    15    15    15    15
ispt( 22) =      1    16    31    46    61    76    91   106
               121   136   151   166     0     0     0   229
               241   256   271   286   301   316   331   346
iipe( 22) =     15    15    15    15    15    15    15    15
                15    15    15     3     0     0     0    12
                15    15    15    15    15    15    15    15
ispt( 23) =      0     0    34    46    61    76    91   106
               121   136   151     0     0     0     0   229
               241   256   271   286   301   316   331   346
iipe( 23) =      0     0    12    15    15    15    15    15
                15    15     3     0     0     0     0    12
                15    15    15    15    15    15    15     4
ispt( 24) =      0    28    31    46    61    76    91   106
               121   140     0     0     0     0     0     0
               247   256   271   286   301   316   331   346
iipe( 24) =      0     3    15    15    15    15    15    15
                11    11     0     0     0     0     0     0
                 9    15    15    15    15    15    15     3
ispt( 25) =      0    16    31    46    61    76    91   106
               121   136     0     0     0     0     0     0
               247   256   271   286   301   316   331     0
iipe( 25) =      0    15    15    15    15    15    15    15
                15     3     0     0     0     0     0     0
                 9    15    15    15    15    15    12     0
ispt( 26) =      0    16    31    46    61    76    91   106
               121   136     0     0     0     0     0     0
                 0   266   271   286   301   316   331     0
iipe( 26) =      0    15    15    15    15    15    15    15
                15     9     0     0     0     0     0     0
                 0     5    15    15    15    15     4     0
ispt( 27) =      0    16    31    46    61    76    91   106
               121   136     0     0     0     0     0     0
               247   256   271   286   301     0     0     0
iipe( 27) =      0    15    15    15    15    15    15    15
                15    11     0     0     0     0     0     0
                 9    15    15    15     6     0     0     0
ispt( 28) =      0    23    31    46    61    88    91   106
               121   136     0     0     0     0     0   238
               241   256   271   286   301   316     0     0
iipe( 28) =      0     8    15    15     6     3    15    15
                15    15     0     0     0     0     0     3
                15    15    15    15    15     8     0     0
ispt( 29) =      0    27    31    46    61    76    91   106
               121   136   151     0     0     0     0   235
               241   256   271   286   301   316     0     0
iipe( 29) =      0     4    15    15    15    15    15    15
                15    15     3     0     0     0     0     6
                15    15    15    15    15    15     0     0
ispt( 30) =      0    24    31    46    61    76    91   106
               121   136   151     0     0     0   218   226
               241   256   271   286   301   316   331     0
iipe( 30) =      0     7    15    15    15    15    15    15
                15    15     4     0     0     0     8    15
                15    15    15    15    15    15     4     0
ispt( 31) =      0    16    31    46    61    76    91   106
               121   136   151     0     0   196   211   226
               241   256   271   286   301   316   331     0
iipe( 31) =      0    15    15    15    15    15    15    15
                15    15    15     0     0    15    15    15
                15    15    15    15    15    15    15     0
 
jspt(  1) =      1    13    25    37    49    61    73    85
                97   110   123   136   149   162   175   188
               201   214   227   240   253   266   278   290
               302   314   326   338   350   362   374
jjpe(  1) =     12    12    12    12    12    12    12    12
                13    13    13    13    13    13    13    13
                13    13    13    13    13    12    12    12
                12    12    12    12    12    12    12
