  npes   npe   mpe   idm   jdm  ibig  jbig  nreg  minsea  maxsea  avesea
   156    12    14   360   385    30    28     2       0     840     580

ispt(  1) =      1    31    61     0     0     0     0     0
                 0   271   301   331
iipe(  1) =     30    30    30     0     0     0     0     0
                 0    30    30    30
ispt(  2) =      1    31    61    91   121   151   181   211
               241   271   301   331
iipe(  2) =     30    30    30    30    30    30    30    30
                30    30    30    30
ispt(  3) =      1    31    61    91   121   151   181   211
               241   271   301   331
iipe(  3) =     30    30    30    30    30    30    30    30
                30    30    30    30
ispt(  4) =      1    31    61    91   121   151   181   211
               241   271   301   331
iipe(  4) =     30    30    30    30    30    30    30    30
                30    30    30    30
ispt(  5) =      1    31    61    91   121   151   181   211
               241   271   301   331
iipe(  5) =     30    30    30    30    30    30    30    30
                30    30    30    30
ispt(  6) =      1    31    71    91   121   151   181   211
               241   271   301   331
iipe(  6) =     30     5    20    30    30    30    30    30
                30    30    30    30
ispt(  7) =      1    31    61    91   121   151   181   211
               241   271   301   331
iipe(  7) =     30    30    30    30    30    30    30    30
                30    30    30    30
ispt(  8) =      1    31    61    91   121   154   181   211
               241   271   301   331
iipe(  8) =     30    30    30    30     3    27    30    30
                30    30    30    30
ispt(  9) =      1    31    61    91   148   151   181   211
               241   271   301   331
iipe(  9) =     30    30    30     8     3    30    30    30
                30    30    30    30
ispt( 10) =      1    31    61    91   121   151   181   216
               241   271   301   331
iipe( 10) =     30    30    30    30    30    30    25    25
                30    30    30    30
ispt( 11) =     25    31    61    91   121   151     0   229
               241   271   301   331
iipe( 11) =      6    30    30    30    30     3     0    12
                30    30    30    19
ispt( 12) =     16    31    61    91   121     0     0     0
               247   271   301   331
iipe( 12) =     15    30    30    30    26     0     0     0
                24    30    30    10
ispt( 13) =     18    31    61    91   121   151     0   238
               241   271   301     0
iipe( 13) =     13    30    30    30    30     3     0     3
                30    30    27     0
ispt( 14) =      1    31    61    91   121   151   181   211
               241   271   301   331
iipe( 14) =     30    30    30    30    30    30    30    30
                30    30    30    30
 
jspt(  1) =      1    28    55    82   110   138   166   194
               222   250   278   305   332   359
jjpe(  1) =     27    27    27    28    28    28    28    28
                28    28    27    27    27    27
