  npes   npe   mpe   idm   jdm  ibig  jbig  nreg  minsea  maxsea  avesea
   500    20    30   360   385    18    13     2       0     234     181

ispt(  1) =      0     0     0    63    73     0     0     0
                 0     0     0     0     0     0     0   274
               289   307     0     0
iipe(  1) =      0     0     0    10     5     0     0     0
                 0     0     0     0     0     0     0    15
                18     7     0     0
ispt(  2) =      1     0    49    55    73     0     0     0
                 0     0     0     0     0     0     0   271
               289   307   325     0
iipe(  2) =      8     0     6    18    14     0     0     0
                 0     0     0     0     0     0     0    18
                18    18    18     0
ispt(  3) =      1    19    37    55    73    91   109   127
                 0   178   181     0     0     0     0   271
               289   307   325   343
iipe(  3) =     18    18    18    18    18    18    18    14
                 0     3     3     0     0     0     0    18
                18    18    18    18
ispt(  4) =      1    19    37    55    73    91   109   127
               145   163   181   199   217   235   253   271
               289   307   325   343
iipe(  4) =     18    18    18    18    18    18    18    18
                18    18    18    18    18    18    18    18
                18    18    18    18
ispt(  5) =      1    19    37    55    73    91   109   127
               145   163   181   199   217   235   253   271
               289   307   325   343
iipe(  5) =     18    18    18    18    18    18    18    18
                18    18    18    18    18    18    18    18
                18    18    18    18
ispt(  6) =      1    19    37    55    73    91   109   127
               145   163   181   199   217   235   253   271
               289   307   325   343
iipe(  6) =     18    18    18    18    18    18    18    18
                18    18    18    18    18    18    18    18
                18    18    18    18
ispt(  7) =      1    19    37    55    73    91   109   127
               145   163   181   199   217   235   253   271
               289   307   325   343
iipe(  7) =     18    18    18    18    18    18    18    18
                18    18    18    18    18    18    18    18
                18    18    18    18
ispt(  8) =      1    19    37    55    73    91   109   127
               145   163   181   199   217   235   253   271
               289   307   325   343
iipe(  8) =     18    18    18    18    18    18    18    18
                18    18    18    18    18    18    18    18
                18    18    18    18
ispt(  9) =      1    19    37    55    73    91   109   127
               145   163   181   199   217   235   253   271
               289   307   325   343
iipe(  9) =     18    18    18    18    18    18    18    18
                18    18    18    18    18    18    18    18
                18    18    18    18
ispt( 10) =      1    19    37    61    73    91   109   127
               145   163   181   199   217   235   253   271
               289   307   325   343
iipe( 10) =     18    18     5    12    18    18    18    18
                18    18    18    18    18    18    18    18
                18    18    18    18
ispt( 11) =      1    19    37    70    73    91   109     0
               145   163   181   199   217   235   253   271
               289   307   325   343
iipe( 11) =     18    18     4     3    18    18    18     0
                18    18    18    18    18    18    18    18
                18    18    18    18
ispt( 12) =      1    19     0    70    73    91   109     0
               149   163   181   199   217   235   253   271
               289   307   325   343
iipe( 12) =     18    18     0     3    18    18    18     0
                14    18    18    18    18    18    18    18
                18    18    18    18
ispt( 13) =      1    19     0     0    73    91   109     0
               149   163   181   199   217   235   253   271
               289   307   325   343
iipe( 13) =     18    14     0     0    18    18    18     0
                14    18    18    18    18    18    18    18
                18    18    18    18
ispt( 14) =      1    19     0    65    73    91   109     0
               149   163   181   199   217   235   253   271
               289   307   325   343
iipe( 14) =     18    13     0     8    18    18    15     0
                14    18    18    18    18    18    18    18
                18    18    18    18
ispt( 15) =      1    19     0    60    73    91   109     0
               151   163   181   199   217   235   253   271
               289   307   325   343
iipe( 15) =     18    14     0    13    18    18    13     0
                12    18    18    18    18    18    18    18
                18    18    18    18
ispt( 16) =      1    19     0    58    73    91   109     0
               154   163   181   199   217   235   253   271
               289   307   325   343
iipe( 16) =     18    18     0    15    18    18    13     0
                 9    18    18    18    18    18    18    18
                18    18    18    18
ispt( 17) =      1    19    37    55    73    91   109     0
               158   163   181   199   217   235   253   271
               289   307   325   343
iipe( 17) =     18    18    18    18    18    18    12     0
                 5    18    18    18    18    18    18    18
                18    18    18    18
ispt( 18) =      1    19    37    55    73    91     0     0
               153   163   181   199   217   235   253   271
               289   307   325   343
iipe( 18) =     18    18    18    18    18     9     0     0
                10    18    18    18    18    18    18    18
                18    18    18    18
ispt( 19) =      1    19    37    55    73    91     0     0
               149   163   181   199   217   235   253   271
               289   307   325   343
iipe( 19) =     18    18    18    18    18     6     0     0
                14    18    18    18    18    18    18    18
                18    18    18    18
ispt( 20) =      1    19    37    55    73    91     0     0
               145   163   181   199   217   235   253   271
               289   307   325   343
iipe( 20) =     18    18    18    18    18     6     0     0
                18    18    18    18    18    18    18    18
                18    18    18    18
ispt( 21) =      1    19    37    55    73    91   109   127
               145   163     0   199   220   235   253   271
               289   307   325   343
iipe( 21) =     18    18    18    18    18    18    18    18
                18    18     0     5    15    18    18    18
                18    18    18    18
ispt( 22) =      0    30    37    55    73    91   109   127
               145     0     0     0   229   235   253   271
               289   307   325   343
iipe( 22) =      0     7    18    18    18    18    18    18
                 8     0     0     0     6    18    18    18
                18    18    18    12
ispt( 23) =      0    29    40    55    73    91   109   127
               145     0     0     0     0   241   253   271
               289   307   325   343
iipe( 23) =      0     4    15    18    18    18    18    18
                 8     0     0     0     0    12    18    18
                18    18    18     5
ispt( 24) =     16    19    37    55    73    91   109   127
                 0     0     0     0     0   247   253   271
               289   307   325   343
iipe( 24) =      3    18    18    18    18    18    18    11
                 0     0     0     0     0     6    18    18
                18    18    18     3
ispt( 25) =     16    19    37    55    73    91   109   127
                 0     0     0     0     0   250   253   271
               289   307   325     0
iipe( 25) =      3    18    18    18    18    18    18    12
                 0     0     0     0     0     3    18    18
                18    18    12     0
ispt( 26) =     16    19    37    55    73    91   109   127
               145     0     0     0     0   247   253   271
               289   307     0     0
iipe( 26) =      3    18    18    18    18    18    18    18
                 3     0     0     0     0     6    18    18
                18     3     0     0
ispt( 27) =      0    19    37    55    88    91   109   127
               145     0     0     0     0   238   253   271
               289   307     0     0
iipe( 27) =      0    18    18    12     3    18    18    18
                 5     0     0     0     0    15    18    18
                18    18     0     0
ispt( 28) =      0    27    37    55    73    91   109   127
               145     0     0     0     0   235   253   271
               289   307   325     0
iipe( 28) =      0    10    18    18    18    18    18    18
                 8     0     0     0     0    18    18    18
                18    18     4     0
ispt( 29) =      0    24    37    55    73    91   109   127
               145     0     0     0   217   235   253   271
               289   307   325     0
iipe( 29) =      0    13    18    18    18    18    18    18
                10     0     0     0    18    18    18    18
                18    18    10     0
ispt( 30) =      0    19    37    55    73    91   109   127
               145     0     0   199   217   235   253   271
               289   307   325     0
iipe( 30) =      0    18    18    18    18    18    18    18
                18     0     0    18    18    18    18    18
                18    18    18     0

jspt(  1) =      1    13    25    38    51    64    77    90
               103   116   129   142   155   168   181   194
               207   220   233   246   259   272   285   298
               311   324   337   350   362   374
jjpe(  1) =     12    12    13    13    13    13    13    13
                13    13    13    13    13    13    13    13
                13    13    13    13    13    13    13    13
                13    13    13    12    12    12
