  npes   npe   mpe   idm   jdm  ibig  jbig  nreg  minsea  maxsea  avesea
    42     6     7   360   385    60    55     2      40    3300    2155

ispt(  1) =      1    61   121   181   241   301
iipe(  1) =     60    60    60    60    60    60
ispt(  2) =      1    61   121   181   241   301
iipe(  2) =     60    60    60    60    60    60
ispt(  3) =      1    61   121   181   241   301
iipe(  3) =     60    60    60    60    60    60
ispt(  4) =      1    61   121   181   241   301
iipe(  4) =     60    60    60    60    60    60
ispt(  5) =      1    61   121   181   241   301
iipe(  5) =     60    60    60    60    60    60
ispt(  6) =     16    61   121   229   241   301
iipe(  6) =     45    60    32    12    60    50
ispt(  7) =      1    61   121   181   241   301
iipe(  7) =     60    60    60    60    60    60
 
jspt(  1) =      1    56   111   166   221   276   331
jjpe(  1) =     55    55    55    55    55    55    55
