  npes   npe   mpe   idm   jdm  ibig  jbig  nreg  minsea  maxsea  avesea
   354    18    23   360   385    20    17     2       0     340     255

ispt(  1) =      0     0    58    61    81     0     0     0
                 0     0     0     0     0   273   281   301
               321     0
iipe(  1) =      0     0     3    20     3     0     0     0
                 0     0     0     0     0     8    20    20
                 3     0
ispt(  2) =      1    21    41    61    81     0     0     0
                 0     0     0     0     0   273   281   301
               321   341
iipe(  2) =     20    20    20    20    20     0     0     0
                 0     0     0     0     0     8    20    20
                20    20
ispt(  3) =      1    21    41    61    81   101   121   141
               161   181   201   221   241   261   281   301
               321   341
iipe(  3) =     20    20    20    20    20    20    20    20
                20    20    20    20    20    20    20    20
                20    20
ispt(  4) =      1    21    41    61    81   101   121   141
               161   181   201   221   241   261   281   301
               321   341
iipe(  4) =     20    20    20    20    20    20    20    20
                20    20    20    20    20    20    20    20
                20    20
ispt(  5) =      1    21    41    61    81   101   121   141
               161   181   201   221   241   261   281   301
               321   341
iipe(  5) =     20    20    20    20    20    20    20    20
                20    20    20    20    20    20    20    20
                20    20
ispt(  6) =      1    21    41    61    81   101   121   141
               161   181   201   221   241   261   281   301
               321   341
iipe(  6) =     20    20    20    20    20    20    20    20
                20    20    20    20    20    20    20    20
                20    20
ispt(  7) =      1    21    41    61    81   101   121   141
               161   181   201   221   241   261   281   301
               321   341
iipe(  7) =     20    20    20    20    20    20    20    20
                20    20    20    20    20    20    20    20
                20    20
ispt(  8) =      1    21    41    61    81   101   121   141
               161   181   201   221   241   261   281   301
               321   341
iipe(  8) =     20    20    20    20    20    20    20    20
                20    20    20    20    20    20    20    20
                20    20
ispt(  9) =      1    21     0    71    81   101   121   149
               161   181   201   221   241   261   281   301
               321   341
iipe(  9) =     20    16     0    10    20    20     5    12
                20    20    20    20    20    20    20    20
                20    20
ispt( 10) =      1    21     0    72    81   101   121   149
               161   181   201   221   241   261   281   301
               321   341
iipe( 10) =     20    13     0     9    20    20     4    12
                20    20    20    20    20    20    20    20
                20    20
ispt( 11) =      1    21     0    61    81   101   121   149
               161   181   201   221   241   261   281   301
               321   341
iipe( 11) =     20    11     0    20    20    20     3    12
                20    20    20    20    20    20    20    20
                20    20
ispt( 12) =      1    21    58    61    81   101   121   152
               161   181   201   221   241   261   281   301
               321   341
iipe( 12) =     20    14     3    20    20    20     3     9
                20    20    20    20    20    20    20    20
                20    20
ispt( 13) =      1    21    50    61    81   101   121   157
               161   181   201   221   241   261   281   301
               321   341
iipe( 13) =     20    14    11    20    20    20     3     4
                20    20    20    20    20    20    20    20
                20    20
ispt( 14) =      1    21    41    61    81     0     0   152
               161   181   201   221   241   261   281   301
               321   341
iipe( 14) =     20    20    20    20    20     0     0     9
                20    20    20    20    20    20    20    20
                20    20
ispt( 15) =      1    21    41    61    81     0     0   147
               161   181   201   221   241   261   281   301
               321   341
iipe( 15) =     20    20    20    20    15     0     0    14
                20    20    20    20    20    20    20    20
                20    20
ispt( 16) =      1    21    41    61    81   101   121   141
               161   181   201   221   241   261   281   301
               321   341
iipe( 16) =     20    20    20    20    20    20    20    20
                20    20    20    20    20    20    20    20
                20    20
ispt( 17) =      0    29    41    61    81   101   121   141
                 0     0     0   229   241   261   281   301
               321   341
iipe( 17) =      0    12    20    20    20    20    20    12
                 0     0     0    12    20    20    20    20
                20    14
ispt( 18) =      0    25    41    61    81   101   121   141
                 0     0     0     0   246   261   281   301
               321   341
iipe( 18) =      0    16    20    20    20    20    20     9
                 0     0     0     0    15    20    20    20
                20     7
ispt( 19) =     16    21    41    61    81   101   121     0
                 0     0     0     0   247   261   281   301
               321     0
iipe( 19) =      5    20    20    20    20    20    20     0
                 0     0     0     0    14    20    20    20
                20     0
ispt( 20) =     16    21    41    61    81   101   121   141
                 0     0     0     0   247   261   281   301
                 0     0
iipe( 20) =      5    20    20    20    20    20    20     6
                 0     0     0     0    14    20    20     7
                 0     0
ispt( 21) =      0    21    41    61    88   101   121   141
                 0     0     0   238   241   261   281   301
               321     0
iipe( 21) =      0    20    20     6    13    20    20     9
                 0     0     0     3    20    20    20    20
                 4     0
ispt( 22) =      0    24    41    61    81   101   121   141
                 0     0   218   221   241   261   281   301
               321     0
iipe( 22) =      0    17    20    20    20    20    20    14
                 0     0     3    20    20    20    20    20
                13     0
ispt( 23) =      0    21    41    61    81   101   121   141
                 0     0   201   221   241   261   281   301
               321     0
iipe( 23) =      0    20    20    20    20    20    20    20
                 0     0    20    20    20    20    20    20
                20     0
 
jspt(  1) =      1    17    33    50    67    84   101   118
               135   152   169   186   203   220   237   254
               271   288   305   322   338   354   370
jjpe(  1) =     16    16    17    17    17    17    17    17
                17    17    17    17    17    17    17    17
                17    17    17    16    16    16    16
