  npes   npe   mpe   idm   jdm  ibig  jbig  nreg  minsea  maxsea  avesea
    91     8    12   360   385    45    33     2       0    1485     994

ispt(  1) =      1    49    91     0     0     0   271   316
iipe(  1) =     38    42     8     0     0     0    45    45
ispt(  2) =      1    46    91   136   181   226   271   316
iipe(  2) =     45    45    45    45    45    45    45    45
ispt(  3) =      1    46    91   136   181   226   271   316
iipe(  3) =     45    45    45    45    45    45    45    45
ispt(  4) =      1    46    91   136   181   226   271   316
iipe(  4) =     45    45    45    45    45    45    45    45
ispt(  5) =      1    70    91   147   181   226   271   316
iipe(  5) =     40    21    35    34    45    45    45    45
ispt(  6) =      1    60    91   149   181   226   271   316
iipe(  6) =     32    31    34    32    45    45    45    45
ispt(  7) =      1    46    91   154   181   226   271   316
iipe(  7) =     45    45    31    27    45    45    45    45
ispt(  8) =      1    46    91   146   181   226   271   316
iipe(  8) =     45    45     8    35    45    45    45    45
ispt(  9) =      1    46    91   136   181   226   271   316
iipe(  9) =     45    45    45    45    45    45    45    45
ispt( 10) =     16    46    91   136     0   247   271   316
iipe( 10) =     30    45    45    14     0    24    45    32
ispt( 11) =     16    46    91   136     0   238   271   316
iipe( 11) =     30    45    45    14     0    33    45     9
ispt( 12) =      1    46    91   136   181   226   271   316
iipe( 12) =     45    45    45    45    45    45    45    45
 
jspt(  1) =      1    33    65    97   129   161   194   226
               258   290   322   354
jjpe(  1) =     32    32    32    32    32    33    32    32
                32    32    32    32
