  npes   npe   mpe   idm   jdm  ibig  jbig  nreg  minsea  maxsea  avesea
   374    20    22   360   385    18    18     2       0     324     242

ispt(  1) =      0     0     0    55    73     0     0     0
                 0     0     0     0     0     0     0   271
               289   307     0     0
iipe(  1) =      0     0     0    18    11     0     0     0
                 0     0     0     0     0     0     0    18
                18    18     0     0
ispt(  2) =      1    19    37    55    73    91   109     0
                 0   178   181     0     0     0     0   271
               289   307   325   343
iipe(  2) =     18    18    18    18    18    18     3     0
                 0     3     3     0     0     0     0    18
                18    18    18    18
ispt(  3) =      1    19    37    55    73    91   109   127
               145   163   181   199   217   235   253   271
               289   307   325   343
iipe(  3) =     18    18    18    18    18    18    18    18
                18    18    18    18    18    18    18    18
                18    18    18    18
ispt(  4) =      1    19    37    55    73    91   109   127
               145   163   181   199   217   235   253   271
               289   307   325   343
iipe(  4) =     18    18    18    18    18    18    18    18
                18    18    18    18    18    18    18    18
                18    18    18    18
ispt(  5) =      1    19    37    55    73    91   109   127
               145   163   181   199   217   235   253   271
               289   307   325   343
iipe(  5) =     18    18    18    18    18    18    18    18
                18    18    18    18    18    18    18    18
                18    18    18    18
ispt(  6) =      1    19    37    55    73    91   109   127
               145   163   181   199   217   235   253   271
               289   307   325   343
iipe(  6) =     18    18    18    18    18    18    18    18
                18    18    18    18    18    18    18    18
                18    18    18    18
ispt(  7) =      1    19    37    55    73    91   109   127
               145   163   181   199   217   235   253   271
               289   307   325   343
iipe(  7) =     18    18    18    18    18    18    18    18
                18    18    18    18    18    18    18    18
                18    18    18    18
ispt(  8) =      1    19    37    67    73    91   109     0
               145   163   181   199   217   235   253   271
               289   307   325   343
iipe(  8) =     18    18     5     6    18    18    18     0
                18    18    18    18    18    18    18    18
                18    18    18    18
ispt(  9) =      1    19     0    70    73    91   109     0
               149   163   181   199   217   235   253   271
               289   307   325   343
iipe(  9) =     18    18     0     3    18    18    18     0
                14    18    18    18    18    18    18    18
                18    18    18    18
ispt( 10) =      1    19     0    68    73    91   109     0
               149   163   181   199   217   235   253   271
               289   307   325   343
iipe( 10) =     18    14     0     5    18    18    18     0
                14    18    18    18    18    18    18    18
                18    18    18    18
ispt( 11) =      1    19     0    60    73    91   109     0
               150   163   181   199   217   235   253   271
               289   307   325   343
iipe( 11) =     18    14     0    13    18    18    14     0
                13    18    18    18    18    18    18    18
                18    18    18    18
ispt( 12) =      1    19    37    55    73    91   109     0
               154   163   181   199   217   235   253   271
               289   307   325   343
iipe( 12) =     18    18    18    18    18    18    13     0
                 9    18    18    18    18    18    18    18
                18    18    18    18
ispt( 13) =      1    19    37    55    73    91   109     0
               154   163   181   199   217   235   253   271
               289   307   325   343
iipe( 13) =     18    18    18    18    18    18     8     0
                 9    18    18    18    18    18    18    18
                18    18    18    18
ispt( 14) =      1    19    37    55    73    91     0     0
               149   163   181   199   217   235   253   271
               289   307   325   343
iipe( 14) =     18    18    18    18    18     7     0     0
                14    18    18    18    18    18    18    18
                18    18    18    18
ispt( 15) =      1    19    37    55    73    91     0   127
               145   163   181   199   217   235   253   271
               289   307   325   343
iipe( 15) =     18    18    18    18    18    11     0    18
                18    18    18    18    18    18    18    18
                18    18    18    18
ispt( 16) =      1    19    37    55    73    91   109   127
               145   163     0     0   229   235   253   271
               289   307   325   343
iipe( 16) =     18    18    18    18    18    18    18    18
                18     5     0     0     6    18    18    18
                18    18    18    18
ispt( 17) =      0    28    40    55    73    91   109   127
               145     0     0     0     0   240   253   271
               289   307   325   343
iipe( 17) =      0     5    15    18    18    18    18    18
                 8     0     0     0     0    13    18    18
                18    18    18     5
ispt( 18) =     16    19    37    55    73    91   109   127
                 0     0     0     0     0   247   253   271
               289   307   325   343
iipe( 18) =      3    18    18    18    18    18    18    12
                 0     0     0     0     0     6    18    18
                18    18    18     3
ispt( 19) =     16    19    37    55    73    91   109   127
               145     0     0     0     0   249   253   271
               289   307   325     0
iipe( 19) =      3    18    18    18    18    18    18    18
                 3     0     0     0     0     4    18    18
                18    18     7     0
ispt( 20) =      0    19    37    55    88    91   109   127
               145     0     0     0     0   238   253   271
               289   307     0     0
iipe( 20) =      0    18    18    12     3    18    18    18
                 5     0     0     0     0    15    18    18
                18    18     0     0
ispt( 21) =      0    24    37    55    73    91   109   127
               145     0     0     0   224   235   253   271
               289   307   325     0
iipe( 21) =      0    13    18    18    18    18    18    18
                10     0     0     0    11    18    18    18
                18    18     8     0
ispt( 22) =      0    19    37    55    73    91   109   127
               145     0     0   199   217   235   253   271
               289   307   325     0
iipe( 22) =      0    18    18    18    18    18    18    18
                18     0     0    18    18    18    18    18
                18    18    18     0

jspt(  1) =      1    18    35    52    69    86   104   122
               140   158   176   194   212   230   248   266
               284   301   318   335   352   369
jjpe(  1) =     17    17    17    17    17    18    18    18
                18    18    18    18    18    18    18    18
                17    17    17    17    17    17
