  npes   npe   mpe   idm   jdm  ibig  jbig  nreg  minsea  maxsea  avesea
   431    24    21   360   385    15    19     2       0     285     210

ispt(  1) =      0     0     0    55    61    76     0     0
                 0     0     0     0     0     0     0     0
                 0     0   271   286   301   316     0     0
iipe(  1) =      0     0     0     6    15     8     0     0
                 0     0     0     0     0     0     0     0
                 0     0    15    15    15     7     0     0
ispt(  2) =      1    16    31    49    61    76    91   106
               133   136     0   178   181     0     0     0
                 0     0   271   286   301   316   331   346
iipe(  2) =     15    15     8    12    15    15    15    11
                 3     4     0     3     3     0     0     0
                 0     0    15    15    15    15    15    15
ispt(  3) =      1    16    31    46    61    76    91   106
               121   136   151   166   181   196   211   226
               241   256   271   286   301   316   331   346
iipe(  3) =     15    15    15    15    15    15    15    15
                15    15    15    15    15    15    15    15
                15    15    15    15    15    15    15    15
ispt(  4) =      1    16    31    46    61    76    91   106
               121   136   151   166   181   196   211   226
               241   256   271   286   301   316   331   346
iipe(  4) =     15    15    15    15    15    15    15    15
                15    15    15    15    15    15    15    15
                15    15    15    15    15    15    15    15
ispt(  5) =      1    16    31    46    61    76    91   106
               121   136   151   166   181   196   211   226
               241   256   271   286   301   316   331   346
iipe(  5) =     15    15    15    15    15    15    15    15
                15    15    15    15    15    15    15    15
                15    15    15    15    15    15    15    15
ispt(  6) =      1    16    31    46    61    76    91   106
               121   136   151   166   181   196   211   226
               241   256   271   286   301   316   331   346
iipe(  6) =     15    15    15    15    15    15    15    15
                15    15    15    15    15    15    15    15
                15    15    15    15    15    15    15    15
ispt(  7) =      1    16    31    57    61    76    91   106
               121   136   151   166   181   196   211   226
               241   256   271   286   301   316   331   346
iipe(  7) =     15    15    11     4    15    15    15    15
                15    15    15    15    15    15    15    15
                15    15    15    15    15    15    15    15
ispt(  8) =      1    16    31     0    70    76    91   106
               121   146   151   166   181   196   211   226
               241   256   271   286   301   316   331   346
iipe(  8) =     15    15    11     0     6    15    15    15
                 5     5    15    15    15    15    15    15
                15    15    15    15    15    15    15    15
ispt(  9) =      1    16    31     0    73    76    91   106
               121   148   151   166   181   196   211   226
               241   256   271   286   301   316   331   346
iipe(  9) =     15    15     3     0     3    15    15    15
                 5     3    15    15    15    15    15    15
                15    15    15    15    15    15    15    15
ispt( 10) =      1    16    31     0    61    76    91   106
               121   148   151   166   181   196   211   226
               241   256   271   286   301   316   331   346
iipe( 10) =     15    15     3     0    15    15    15    15
                 3     3    15    15    15    15    15    15
                15    15    15    15    15    15    15    15
ispt( 11) =      1    16    31    58    61    76    91   106
               121     0   151   166   181   196   211   226
               241   256   271   286   301   316   331   346
iipe( 11) =     15    15     4     3    15    15    15    15
                 3     0    15    15    15    15    15    15
                15    15    15    15    15    15    15    15
ispt( 12) =      1    16    31    49    61    76    91   106
               121     0   157   166   181   196   211   226
               241   256   271   286   301   316   331   346
iipe( 12) =     15    15     5    12    15    15    15    15
                 3     0     9    15    15    15    15    15
                15    15    15    15    15    15    15    15
ispt( 13) =      1    16    31    46    61    76    91     0
                 0   148   151   166   181   196   211   226
               241   256   271   286   301   316   331   346
iipe( 13) =     15    15    15    15    15    15     8     0
                 0     3    15    15    15    15    15    15
                15    15    15    15    15    15    15    15
ispt( 14) =      1    16    31    46    61    76    91     0
                 0   145   151   166   181   196   211   226
               241   256   271   286   301   316   331   346
iipe( 14) =     15    15    15    15    15    15     7     0
                 0     6    15    15    15    15    15    15
                15    15    15    15    15    15    15    15
ispt( 15) =      1    16    31    46    61    76    91   106
               121   136   151   166     0     0   223   226
               241   256   271   286   301   316   331   346
iipe( 15) =     15    15    15    15    15    15    15    15
                15    15    15    15     0     0     3    15
                15    15    15    15    15    15    15    15
ispt( 16) =      0    28    31    46    61    76    91   106
               121   136   151     0     0     0     0   229
               241   256   271   286   301   316   331   346
iipe( 16) =      0     3    15    15    15    15    15    15
                15    15     3     0     0     0     0    12
                15    15    15    15    15    15    15     4
ispt( 17) =      0    16    31    46    61    76    91   106
               121   136     0     0     0     0     0     0
               247   256   271   286   301   316   331     0
iipe( 17) =      0    15    15    15    15    15    15    15
                15     3     0     0     0     0     0     0
                 9    15    15    15    15    15    15     0
ispt( 18) =      0    16    31    46    61    76    91   106
               121   136     0     0     0     0     0     0
                 0   264   271   286   301   316   331     0
iipe( 18) =      0    15    15    15    15    15    15    15
                15    11     0     0     0     0     0     0
                 0     7    15    15    15    15     4     0
ispt( 19) =      0    16    31    46    61    86    91   106
               121   136     0     0     0     0     0   238
               241   256   271   286   301   316     0     0
iipe( 19) =      0    15    15    15     6     5    15    15
                15    15     0     0     0     0     0     3
                15    15    15    15    15     8     0     0
ispt( 20) =      0    24    31    46    61    76    91   106
               121   136   151     0     0     0   223   226
               241   256   271   286   301   316   331     0
iipe( 20) =      0     7    15    15    15    15    15    15
                15    15     4     0     0     0     3    15
                15    15    15    15    15    15     3     0
ispt( 21) =      0    16    31    46    61    76    91   106
               121   136   151     0     0   196   211   226
               241   256   271   286   301   316   331     0
iipe( 21) =      0    15    15    15    15    15    15    15
                15    15    15     0     0    15    15    15
                15    15    15    15    15    15    15     0
 
jspt(  1) =      1    19    37    55    73    91   109   128
               147   166   185   204   223   242   260   278
               296   314   332   350   368
jjpe(  1) =     18    18    18    18    18    18    19    19
                19    19    19    19    19    18    18    18
                18    18    18    18    18
