  npes   npe   mpe   idm   jdm  ibig  jbig  nreg  minsea  maxsea  avesea
   186    12    17   360   385    30    23     2       0     690     487

ispt(  1) =      0    51    61     0     0     0     0     0
                 0   271   301   331
iipe(  1) =      0    10    26     0     0     0     0     0
                 0    30    30     3
ispt(  2) =      1    31    61    91   121   151   181     0
               258   271   301   331
iipe(  2) =     30    30    30    30    30    30    11     0
                13    30    30    30
ispt(  3) =      1    31    61    91   121   151   181   211
               241   271   301   331
iipe(  3) =     30    30    30    30    30    30    30    30
                30    30    30    30
ispt(  4) =      1    31    61    91   121   151   181   211
               241   271   301   331
iipe(  4) =     30    30    30    30    30    30    30    30
                30    30    30    30
ispt(  5) =      1    31    61    91   121   151   181   211
               241   271   301   331
iipe(  5) =     30    30    30    30    30    30    30    30
                30    30    30    30
ispt(  6) =      1    31    61    91   121   151   181   211
               241   271   301   331
iipe(  6) =     30    30    30    30    30    30    30    30
                30    30    30    30
ispt(  7) =      1    31    71    91   121   151   181   211
               241   271   301   331
iipe(  7) =     30     5    20    30    30    30    30    30
                30    30    30    30
ispt(  8) =      1    31    64    91   121   151   181   211
               241   271   301   331
iipe(  8) =     30     3    27    30    30    30    30    30
                30    30    30    30
ispt(  9) =      1    31    61    91   121   151   181   211
               241   271   301   331
iipe(  9) =     30    30    30    30    30    30    30    30
                30    30    30    30
ispt( 10) =      1    31    61    91   121   154   181   211
               241   271   301   331
iipe( 10) =     30    30    30    30     3    27    30    30
                30    30    30    30
ispt( 11) =      1    31    61    91   147   151   181   211
               241   271   301   331
iipe( 11) =     30    30    30     7     4    30    30    30
                30    30    30    30
ispt( 12) =      1    31    61    91   121   151   181   216
               241   271   301   331
iipe( 12) =     30    30    30    30    30    30    25    25
                30    30    30    30
ispt( 13) =     28    31    61    91   121   151     0   229
               241   271   301   331
iipe( 13) =      3    30    30    30    30    15     0    12
                30    30    30    21
ispt( 14) =     16    31    61    91   121     0     0     0
               247   271   301   331
iipe( 14) =     15    30    30    30    18     0     0     0
                24    30    30    13
ispt( 15) =     16    31    61    91   121     0     0     0
               244   271   301     0
iipe( 15) =     15    30    30    30    27     0     0     0
                27    30    30     0
ispt( 16) =     26    31    61    91   121   151     0   234
               241   271   301     0
iipe( 16) =      5    30    30    30    30     3     0     7
                30    30    30     0
ispt( 17) =      1    31    61    91   121   151   181   211
               241   271   301   331
iipe( 17) =     30    30    30    30    30    30    30    30
                30    30    30    30
 
jspt(  1) =      1    23    45    68    91   114   137   160
               183   206   229   252   275   298   320   342
               364
jjpe(  1) =     22    22    23    23    23    23    23    23
                23    23    23    23    23    22    22    22
                22
