  npes   npe   mpe   idm   jdm  ibig  jbig  nreg  minsea  maxsea  avesea
    77     8    10   360   385    45    39     2       4    1755    1176

ispt(  1) =      1    49    91   136   181     0   271   316
iipe(  1) =     38    42    45    45     3     0    45    45
ispt(  2) =      1    46    91   136   181   226   271   316
iipe(  2) =     45    45    45    45    45    45    45    45
ispt(  3) =      1    46    91   136   181   226   271   316
iipe(  3) =     45    45    45    45    45    45    45    45
ispt(  4) =      1    61    91   143   181   226   271   316
iipe(  4) =     41    30    36    38    45    45    45    45
ispt(  5) =      1    60    91   149   181   226   271   316
iipe(  5) =     32    31    34    32    45    45    45    45
ispt(  6) =      1    46    91   153   181   226   271   316
iipe(  6) =     45    45    31    28    45    45    45    45
ispt(  7) =      1    46    91   136   181   226   271   316
iipe(  7) =     45    45    45    45    45    45    45    45
ispt(  8) =     19    46    91   136     0   229   271   316
iipe(  8) =     27    45    45    30     0    42    45    39
ispt(  9) =     16    46    91   136     0   238   271   316
iipe(  9) =     30    45    45    14     0    33    45    22
ispt( 10) =      1    46    91   136   181   226   271   316
iipe( 10) =     45    45    45    45    45    45    45    45
 
jspt(  1) =      1    39    77   116   155   194   233   272
               310   348
jjpe(  1) =     38    38    39    39    39    39    39    38
                38    38
