  npes   npe   mpe   idm   jdm  ibig  jbig  nreg  minsea  maxsea  avesea
   245    20    14   360   385    18    28     2       0     504     369

ispt(  1) =      1     0    49    55    73     0     0     0
                 0     0     0     0     0     0     0   271
               289   307   325   343
iipe(  1) =      8     0     6    18    18     0     0     0
                 0     0     0     0     0     0     0    18
                18    18    18    18
ispt(  2) =      1    19    37    55    73    91   109   127
               145   163   181   199   217   235   253   271
               289   307   325   343
iipe(  2) =     18    18    18    18    18    18    18    18
                18    18    18    18    18    18    18    18
                18    18    18    18
ispt(  3) =      1    19    37    55    73    91   109   127
               145   163   181   199   217   235   253   271
               289   307   325   343
iipe(  3) =     18    18    18    18    18    18    18    18
                18    18    18    18    18    18    18    18
                18    18    18    18
ispt(  4) =      1    19    37    55    73    91   109   127
               145   163   181   199   217   235   253   271
               289   307   325   343
iipe(  4) =     18    18    18    18    18    18    18    18
                18    18    18    18    18    18    18    18
                18    18    18    18
ispt(  5) =      1    19    37    58    73    91   109   127
               145   163   181   199   217   235   253   271
               289   307   325   343
iipe(  5) =     18    18     5    15    18    18    18    18
                18    18    18    18    18    18    18    18
                18    18    18    18
ispt(  6) =      1    19     0    70    73    91   109     0
               149   163   181   199   217   235   253   271
               289   307   325   343
iipe(  6) =     18    18     0     3    18    18    18     0
                14    18    18    18    18    18    18    18
                18    18    18    18
ispt(  7) =      1    19     0    60    73    91   109     0
               149   163   181   199   217   235   253   271
               289   307   325   343
iipe(  7) =     18    14     0    13    18    18    15     0
                14    18    18    18    18    18    18    18
                18    18    18    18
ispt(  8) =      1    19    37    55    73    91   109     0
               154   163   181   199   217   235   253   271
               289   307   325   343
iipe(  8) =     18    18    18    18    18    18    13     0
                 9    18    18    18    18    18    18    18
                18    18    18    18
ispt(  9) =      1    19    37    55    73    91     0     0
               148   163   181   199   217   235   253   271
               289   307   325   343
iipe(  9) =     18    18    18    18    18     8     0     0
                15    18    18    18    18    18    18    18
                18    18    18    18
ispt( 10) =      1    19    37    55    73    91   109   127
               145   163   181   199   217   235   253   271
               289   307   325   343
iipe( 10) =     18    18    18    18    18    18    18    18
                18    18    18    18    18    18    18    18
                18    18    18    18
ispt( 11) =      0    25    37    55    73    91   109   127
               145   163     0     0   229   235   253   271
               289   307   325   343
iipe( 11) =      0    12    18    18    18    18    18    18
                18     3     0     0     6    18    18    18
                18    18    18     7
ispt( 12) =     16    19    37    55    73    91   109   127
               145     0     0     0     0   247   253   271
               289   307   325     0
iipe( 12) =      3    18    18    18    18    18    18    18
                 3     0     0     0     0     6    18    18
                18    18    18     0
ispt( 13) =     16    19    37    55    86    91   109   127
               145     0     0     0     0   238   253   271
               289   307   325     0
iipe( 13) =      3    18    18    12     5    18    18    18
                 8     0     0     0     0    15    18    18
                18    18     3     0
ispt( 14) =      0    19    37    55    73    91   109   127
               145     0     0   199   217   235   253   271
               289   307   325     0
iipe( 14) =      0    18    18    18    18    18    18    18
                18     0     0    18    18    18    18    18
                18    18    18     0
 
jspt(  1) =      1    28    55    82   110   138   166   194
               222   250   278   305   332   359
jjpe(  1) =     27    27    27    28    28    28    28    28
                28    28    27    27    27    27
