  npes   npe   mpe   idm   jdm  ibig  jbig  nreg  minsea  maxsea  avesea
   112    10    12   360   385    36    33     2       0    1188     809

ispt(  1) =      1    37    73     0     0     0     0   273
               289   325
iipe(  1) =     36    36    26     0     0     0     0    16
                36    36
ispt(  2) =      1    37    73   109   145   181   217   253
               289   325
iipe(  2) =     36    36    36    36    36    36    36    36
                36    36
ispt(  3) =      1    37    73   109   145   181   217   253
               289   325
iipe(  3) =     36    36    36    36    36    36    36    36
                36    36
ispt(  4) =      1    37    73   109   145   181   217   253
               289   325
iipe(  4) =     36    36    36    36    36    36    36    36
                36    36
ispt(  5) =      1    37    73   109   145   181   217   253
               289   325
iipe(  5) =     36    36    36    36    36    36    36    36
                36    36
ispt(  6) =      1    60    73   109   149   181   217   253
               289   325
iipe(  6) =     32    13    36    16    32    36    36    36
                36    36
ispt(  7) =      1    37    73   109   154   181   217   253
               289   325
iipe(  7) =     36    36    36    13    27    36    36    36
                36    36
ispt(  8) =      1    37    73     0   145   181   217   253
               289   325
iipe(  8) =     36    36    26     0    36    36    36    36
                36    36
ispt(  9) =      1    37    73   109   145   181   217   253
               289   325
iipe(  9) =     36    36    36    36    36    36    36    36
                36    36
ispt( 10) =     16    37    73   109   145     0   247   253
               289   325
iipe( 10) =     21    36    36    36    20     0     6    36
                36    23
ispt( 11) =     16    37    73   109   145     0   238   253
               289     0
iipe( 11) =     21    36    36    36     5     0    15    36
                36     0
ispt( 12) =      1    37    73   109   145   181   217   253
               289   325
iipe( 12) =     36    36    36    36    36    36    36    36
                36    36
 
jspt(  1) =      1    33    65    97   129   161   194   226
               258   290   322   354
jjpe(  1) =     32    32    32    32    32    33    32    32
                32    32    32    32
