  npes   npe   mpe   idm   jdm  ibig  jbig  nreg  minsea  maxsea  avesea
   123    10    13   360   385    36    30     2       0    1080     736

ispt(  1) =      1    37    73     0     0     0     0   273
               289   325
iipe(  1) =     36    36    19     0     0     0     0    16
                36    36
ispt(  2) =      1    37    73   109   145   181   217   253
               289   325
iipe(  2) =     36    36    36    36    36    36    36    36
                36    36
ispt(  3) =      1    37    73   109   145   181   217   253
               289   325
iipe(  3) =     36    36    36    36    36    36    36    36
                36    36
ispt(  4) =      1    37    73   109   145   181   217   253
               289   325
iipe(  4) =     36    36    36    36    36    36    36    36
                36    36
ispt(  5) =      1    37    73   109   145   181   217   253
               289   325
iipe(  5) =     36    36    36    36    36    36    36    36
                36    36
ispt(  6) =      1    65    73   109   149   181   217   253
               289   325
iipe(  6) =     33     8    36    17    32    36    36    36
                36    36
ispt(  7) =      1    37    73   109   150   181   217   253
               289   325
iipe(  7) =     36    36    36    13    31    36    36    36
                36    36
ispt(  8) =      1    37    73   109   152   181   217   253
               289   325
iipe(  8) =     36    36    36    11    29    36    36    36
                36    36
ispt(  9) =      1    37    73   121   145   181   217   253
               289   325
iipe(  9) =     36    36    32    24    36    36    36    36
                36    36
ispt( 10) =     17    37    73   109   145     0   229   253
               289   325
iipe( 10) =     20    36    36    36    21     0    24    36
                36    31
ispt( 11) =     16    37    73   109   145     0   247   253
               289   325
iipe( 11) =     21    36    36    36     3     0     6    36
                36    19
ispt( 12) =     17    37    78   109   145     0   238   253
               289   325
iipe( 12) =     20    30    31    36     7     0    15    36
                36     3
ispt( 13) =      1    37    73   109   145   181   217   253
               289   325
iipe( 13) =     36    36    36    36    36    36    36    36
                36    36
 
jspt(  1) =      1    30    59    89   119   149   179   209
               239   269   299   328   357
jjpe(  1) =     29    29    30    30    30    30    30    30
                30    30    29    29    29
