  npes   npe   mpe   idm   jdm  ibig  jbig  nreg  minsea  maxsea  avesea
  1397    40    45   720   641    18    15     2       0     270     211

ispt(  1) =      0     0     0     0     0     0   117   127
               145     0     0     0     0     0     0     0
                 0     0     0     0     0     0     0     0
                 0     0     0     0     0     0   545   559
               577   595   613   631     0     0     0     0
iipe(  1) =      0     0     0     0     0     0    10    18
                18     0     0     0     0     0     0     0
                 0     0     0     0     0     0     0     0
                 0     0     0     0     0     0    14    18
                18    18    18     9     0     0     0     0
ispt(  2) =      1     0     0     0     0    99   109   127
               145   163     0     0     0     0     0     0
                 0     0     0     0     0     0     0     0
                 0     0     0     0     0     0   545   559
               577   595   613   631   649     0     0     0
iipe(  2) =     18     0     0     0     0    10    18    18
                18    10     0     0     0     0     0     0
                 0     0     0     0     0     0     0     0
                 0     0     0     0     0     0    14    18
                18    18    18    18    18     0     0     0
ispt(  3) =      1     0    47    55    73    97   109   127
               145   163   181     0     0     0     0     0
                 0     0     0     0     0     0     0     0
                 0     0     0     0     0     0   546   559
               577   595   613   631   649   667   685   703
iipe(  3) =     18     0     8    18     3    12    18    18
                18    18     3     0     0     0     0     0
                 0     0     0     0     0     0     0     0
                 0     0     0     0     0     0    13    18
                18    18    18    18    18    18    18    18
ispt(  4) =      1    19    37    55    73    99   109   127
               145   163   181   199   217     0   267   271
                 0     0     0   357   361     0     0     0
                 0     0     0     0     0     0   553   559
               577   595   613   631   649   667   685   703
iipe(  4) =     18    18    18    18     4    10    18    18
                18    18    18    18    14     0     4     7
                 0     0     0     4     4     0     0     0
                 0     0     0     0     0     0     6    18
                18    18    18    18    18    18    18    18
ispt(  5) =      1    19    37    55    73    97   109   127
               145   163   181   199   217   235   253   271
               289     0     0   358   361     0     0     0
                 0     0     0     0   515   523   541   559
               577   595   613   631   649   667   685   703
iipe(  5) =     18    18    18    18    15    12    18    18
                18    18    18    18    18    18    18    18
                18     0     0     3    18     0     0     0
                 0     0     0     0     8    18    18    18
                18    18    18    18    18    18    18    18
ispt(  6) =      1    19    37    55    73    91   109   127
               145   163   181   199   217   235   253   271
               289   307   325   343   361   379   397   415
               433   451   469   487   505   523   541   559
               577   595   613   631   649   667   685   703
iipe(  6) =     18    18    18    18    18    18    18    18
                18    18    18    18    18    18    18    18
                18    18    18    18    18    18    18    18
                18    18    18    18    18    18    18    18
                18    18    18    18    18    18    18    18
ispt(  7) =      1    19    37    55    73    91   109   127
               145   163   181   199   217   235   253   271
               289   307   325   343   361   379   397   415
               433   451   469   487   505   523   541   559
               577   595   613   631   649   667   685   703
iipe(  7) =     18    18    18    18    18    18    18    18
                18    18    18    18    18    18    18    18
                18    18    18    18    18    18    18    18
                18    18    18    18    18    18    18    18
                18    18    18    18    18    18    18    18
ispt(  8) =      1    19    37    55    73    91   109   127
               145   163   181   199   217   235   253   271
               289   307   325   343   361   379   397   415
               433   451   469   487   505   523   541   559
               577   595   613   631   649   667   685   703
iipe(  8) =     18    18    18    18    18    18    18    18
                18    18    18    18    18    18    18    18
                18    18    18    18    18    18    18    18
                18    18    18    18    18    18    18    18
                18    18    18    18    18    18    18    18
ispt(  9) =      1    19    37    55    73    91   109   127
               145   163   181   199   217   235   253   271
               289   307   325   343   361   379   397   415
               433   451   469   487   505   523   541   559
               577   595   613   631   649   667   685   703
iipe(  9) =     18    18    18    18    18    18    18    18
                18    18    18    18    18    18    18    18
                18    18    18    18    18    18    18    18
                18    18    18    18    18    18    18    18
                18    18    18    18    18    18    18    18
ispt( 10) =      1    19    37    55    73    91   109   127
               145   163   181   199   217   235   253   271
               289   307   325   343   361   379   397   415
               433   451   469   487   505   523   541   559
               577   595   613   631   649   667   685   703
iipe( 10) =     18    18    18    18    18    18    18    18
                18    18    18    18    18    18    18    18
                18    18    18    18    18    18    18    18
                18    18    18    18    18    18    18    18
                18    18    18    18    18    18    18    18
ispt( 11) =      1    19    37    55    73    91   109   127
               145   163   181   199   217   235   253   271
               289   307   325   343   361   379   397   415
               433   451   469   487   505   523   541   559
               577   595   613   631   649   667   685   703
iipe( 11) =     18    18    18    18    18    18    18    18
                18    18    18    18    18    18    18    18
                18    18    18    18    18    18    18    18
                18    18    18    18    18    18    18    18
                18    18    18    18    18    18    18    18
ispt( 12) =      1    19    37    55    73    91   109   127
               145   163   181   199   217   235   253   271
               289   307   325   343   361   379   397   415
               433   451   469   487   505   523   541   559
               577   595   613   631   649   667   685   703
iipe( 12) =     18    18    18    18    18    18    18    18
                18    18    18    18    18    18    18    18
                18    18    18    18    18    18    18    18
                18    18    18    18    18    18    18    18
                18    18    18    18    18    18    18    18
ispt( 13) =      1    19    37    55    73    91   109   127
               145   163   181   199   217   235   253   271
               289   307   325   343   361   379   397   415
               433   451   469   487   505   523   541   559
               577   595   613   631   649   667   685   703
iipe( 13) =     18    18    18    18    18    18    18    18
                18    18    18    18    18    18    18    18
                18    18    18    18    18    18    18    18
                18    18    18    18    18    18    18    18
                18    18    18    18    18    18    18    18
ispt( 14) =      1    19    37    55    73   105   109   127
               145   163   181   199   217   235   253   271
               289   307   325   343   361   379   397   415
               433   451   469   487   505   523   541   559
               577   595   613   631   649   667   685   703
iipe( 14) =     18    18    18    18     6     4    18    18
                18    18    18    18    18    18    18    18
                18    18    18    18    18    18    18    18
                18    18    18    18    18    18    18    18
                18    18    18    18    18    18    18    18
ispt( 15) =      1    19    37    55    73     0   115   127
               145   163   181   199   217   235   253   277
               289   307   325   343   361   379   397   415
               433   451   469   487     0   523   541   559
               577   595   613   631   649   667   685   703
iipe( 15) =     18    18    18    18     8     0    12    18
                18    18    18    18    18    18     6    12
                18    18    18    18    18    18    18    18
                18    18    18     3     0    18    18    18
                18    18    18    18    18    18    18    18
ispt( 16) =      1    19    37    55    73     0   123   127
               145   163   181   199   217   235     0   286
               289   307   325   343   361   379   397   415
               433   451     0     0   516   523   541   559
               577   595   613   631   649   667   685   703
iipe( 16) =     18    18    18    18     9     0     4    18
                18    18    18    18    18    18     0     3
                18    18    18    18    18    18    18    18
                18    13     0     0     7    18    18    18
                18    18    18    18    18    18    18    18
ispt( 17) =      1    19    37    55    73     0     0   138
               145   163   181   199   217   235     0     0
               289   307   325   343   361   379   397   415
               433   451   469   493   505   523   541   559
               577   595   613   631   649   667   685   703
iipe( 17) =     18    18    18    18     9     0     0     7
                18    18    18    18    18    14     0     0
                18    18    18    18    18    18    18    18
                18    18     3    12    18    18    18    18
                18    18    18    18    18    18    18    18
ispt( 18) =      1    19    37    55    73     0     0   142
               145   163   181   199   217   235     0     0
               299   307   325   343   361   379   397   415
               433   451   469   487   505   523   541   559
               577   595   613   631   649   667   685   703
iipe( 18) =     18    18    18    18     3     0     0     3
                18    18    18    18    18    15     0     0
                 8    18    18    18    18    18    18    18
                18    18    18    18    18    18    18    18
                18    18    18    18    18    18    18    18
ispt( 19) =      1    19    37    55     0     0     0   142
               145   163   181   199   217   235     0     0
               299   307   325   343   361   379   397   415
               433   451   469   487   505   523   541   559
               577   595   613   631   649   667   685   703
iipe( 19) =     18    18    18    13     0     0     0     3
                18    18    18    18    18    15     0     0
                 8    18    18    18    18    18    18    18
                18    18    18    18    18    18    18    18
                18    18    18    18    18    18    18    18
ispt( 20) =      1    19    37    55     0     0     0   142
               145   163   181   199   217   235     0     0
               298   307   325   343   361   379   397   415
               433   451   469   487   505   523   541   559
               577   595   613   631   649   667   685   703
iipe( 20) =     18    18    18     9     0     0     0     3
                18    18    18    18    18    14     0     0
                 9    18    18    18    18    18    18    18
                18    18    18    18    18    18    18    18
                18    18    18    18    18    18    18    18
ispt( 21) =      1    19    37    55     0     0   121   127
               145   163   181   199   217   235     0     0
               298   307   325   343   361   379   397   415
               433   451   469   487   505   523   541   559
               577   595   613   631   649   667   685   703
iipe( 21) =     18    18    18     7     0     0     6    18
                18    18    18    18    18    11     0     0
                 9    18    18    18    18    18    18    18
                18    18    18    18    18    18    18    18
                18    18    18    18    18    18    18    18
ispt( 22) =      1    19    37    55     0     0   118   127
               145   163   181   199   217   235     0     0
               304   307   325   343   361   379   397   415
               433   451   469   487   505   523   541   559
               577   595   613   631   649   667   685   703
iipe( 22) =     18    18    18    12     0     0     9    18
                18    18    18    18    18     7     0     0
                 3    18    18    18    18    18    18    18
                18    18    18    18    18    18    18    18
                18    18    18    18    18    18    18    18
ispt( 23) =      1    19    37    55     0   103   109   127
               145   163   181   199   217   235     0     0
                 0   312   325   343   361   379   397   415
               433   451   469   487   505   523   541   559
               577   595   613   631   649   667   685   703
iipe( 23) =     18    18    18    12     0     6    18    18
                18    18    18    18    18     7     0     0
                 0    13    18    18    18    18    18    18
                18    18    18    18    18    18    18    18
                18    18    18    18    18    18    18    18
ispt( 24) =      1    19    37    55    73    91   109   127
               145   163   181   199     0     0     0     0
                 0   307   325   343   361   379   397   415
               433   451   469   487   505   523   541   559
               577   595   613   631   649   667   685   703
iipe( 24) =     18    18    18    18    18    18    18    18
                18    18    18     3     0     0     0     0
                 0    18    18    18    18    18    18    18
                18    18    18    18    18    18    18    18
                18    18    18    18    18    18    18    18
ispt( 25) =      1    19    37    55    73    91   109   127
               145   163   181     0     0     0     0     0
               300   307   325   343   361   379   397   415
               433   451   469   487   505   523   541   559
               577   595   613   631   649   667   685   703
iipe( 25) =     18    18    18    18    18    18    18    18
                18    18    12     0     0     0     0     0
                 7    18    18    18    18    18    18    18
                18    18    18    18    18    18    18    18
                18    18    18    18    18    18    18    18
ispt( 26) =      1    19    37    55    73    91   109   127
               145   163   181     0     0     0     0     0
               295   307   325   343   361   379   397   415
               433   451   469   487   505   523   541   559
               577   595   613   631   649   667   685   703
iipe( 26) =     18    18    18    18    18    18    18    18
                18    18     9     0     0     0     0     0
                12    18    18    18    18    18    18    18
                18    18    18    18    18    18    18    18
                18    18    18    18    18    18    18    18
ispt( 27) =      1    24    37    55    73    91   109   127
               145   163   181     0     0     0     0     0
               289   307   325   343   361   388   397   430
               433   451   469   487   505   523   541   559
               577   595   613   631   649   667   685   703
iipe( 27) =     15    13    18    18    18    18    18    18
                18    18    11     0     0     0     0     0
                18    18    18    18     7     9    14     3
                18    18    18    18    18    18    18    18
                18    18    18    18    18    18    18    18
ispt( 28) =      1    24    37    55    73    91   109   127
               145   163   181   199     0     0   253   271
               289   316   325   343     0     0     0     0
                 0   454   469   487   505   523   541   559
               577   595   613   631   649   667   685   703
iipe( 28) =      8    13    18    18    18    18    18    18
                18    18    18     3     0     0    18    18
                10     9    18    18     0     0     0     0
                 0    15    18    18    18    18    18    18
                18    18    18    18    18    18    18    18
ispt( 29) =      0    30    37    55    73    91   109   127
               145   163   181   199   217   235   253   271
               289   316     0     0     0     0     0     0
                 0   459   469   487   505   523   541   559
               577   595   613   631   649   667   685   703
iipe( 29) =      0     7    18    18    18    18    18    18
                18    18    18    18    18    18    18    18
                 5     9     0     0     0     0     0     0
                 0    10    18    18    18    18    18    18
                18    18    18    18    18    18    18    14
ispt( 30) =      0     0     0    67    73    91   109   127
               145   163   181   199   217   235   253   271
               289     0     0     0     0     0     0     0
                 0   455   469   487   505   523   541   559
               577   595   613   631   649   667   685     0
iipe( 30) =      0     0     0     6    18    18    18    18
                18    18    18    18    18    18    18    18
                18     0     0     0     0     0     0     0
                 0    14    18    18    18    18    18    18
                18    18    18    18    18    18    18     0
ispt( 31) =      0     0     0    70    73    91   109   127
               145   163   181   199   217   235   253   271
               289     0     0     0     0     0     0     0
                 0     0   478   487   505   523   541   559
               577   595   613   631   649   667   685     0
iipe( 31) =      0     0     0     3    18    18    18    18
                18    18    18    18    18    18    18    18
                18     0     0     0     0     0     0     0
                 0     0     9    18    18    18    18    18
                18    18    18    18    18    18     9     0
ispt( 32) =      0     0     0     0    84    91   109   127
               145   163   181   199   217     0     0   279
               289     0     0     0     0     0     0     0
                 0     0     0   495   505   523   541   559
               577   595   613   631   649   667   685     0
iipe( 32) =      0     0     0     0     7    18    18    18
                18    18    18    18    12     0     0    10
                10     0     0     0     0     0     0     0
                 0     0     0    10    18    18    18    18
                18    18    18    18    18    18    11     0
ispt( 33) =      0     0     0    55    86    91   109   127
               145   163   181   199   217   235   253     0
                 0     0     0     0     0     0     0     0
                 0     0     0   492   505   523   541   559
               577   595   613   631   649   667   685     0
iipe( 33) =      0     0     0    10     5    18    18    18
                18    18    18    18    18    18     9     0
                 0     0     0     0     0     0     0     0
                 0     0     0    13    18    18    18    18
                18    18    18    18    18    18    10     0
ispt( 34) =      0     0    45    55     0    97   109   127
               145   163   181   199   217   235   253     0
                 0     0     0     0     0     0     0     0
                 0     0     0   492   505   523   541   559
               577   595   613   631   649   667     0     0
iipe( 34) =      0     0    10    18     0    12    18    18
                18    18    18    18    18    18    18     0
                 0     0     0     0     0     0     0     0
                 0     0     0    13    18    18    18    18
                18    18    18    18    18    18     0     0
ispt( 35) =      0    34    37    55    73    91   109   127
               145   163   181   199   217   235   253   271
                 0     0     0     0     0     0     0     0
                 0     0     0   502   505   523   541   559
               577   595   613   631   649   667     0     0
iipe( 35) =      0     3    18    18    18    18    18    18
                18    18    18    18    18    18    18     6
                 0     0     0     0     0     0     0     0
                 0     0     0     3    18    18    18    18
                18    18    18    18    18     7     0     0
ispt( 36) =      0    33    37    55    73    91   109   127
               145   163   181   199   217   235   253   271
                 0     0     0     0     0     0     0     0
                 0     0     0     0     0     0     0   569
               577   595   613   631   649   667     0     0
iipe( 36) =      0     4    18    18    18    18    18    18
                18    18    18    18    18    18    18     6
                 0     0     0     0     0     0     0     0
                 0     0     0     0     0     0     0     8
                18    18    18    18    18     3     0     0
ispt( 37) =      0    33    37    55    73    91   109   127
               145   163   181   199   217   235   253   280
                 0     0     0     0     0     0     0     0
                 0     0     0     0     0   538   541   559
               577   595   613     0     0     0     0     0
iipe( 37) =      0     4    18    18    18    18    18    18
                18    18    18    18    18    18    11     9
                 0     0     0     0     0     0     0     0
                 0     0     0     0     0     3    18    18
                18    18     3     0     0     0     0     0
ispt( 38) =      0    34    37    55    73    91   109   127
                 0   170   181   199   217   235     0   271
               289     0     0     0     0     0     0     0
                 0     0     0   493   505   523   541   559
               577   595     0     0     0     0     0     0
iipe( 38) =      0     3    18    18    18    18    18     6
                 0    11    18    18    18    11     0    18
                 3     0     0     0     0     0     0     0
                 0     0     0    12    18    18    18    18
                18    14     0     0     0     0     0     0
ispt( 39) =      0     0    46    55    73    91   109   127
                 0   176   181   199   217   235   253   271
               289     0     0     0     0     0     0     0
                 0     0   484   487   505   523   541   559
               577   595   613     0     0     0     0     0
iipe( 39) =      0     0     9    18    18    18    18     6
                 0     5    18    18    18    18    18    18
                 6     0     0     0     0     0     0     0
                 0     0     3    18    18    18    18    18
                18    18    13     0     0     0     0     0
ispt( 40) =      0     0     0    60    73    91   109   127
                 0   178   181   199   217   235   253   271
               289     0     0     0     0     0     0     0
                 0   466   469   487   505   523   541   559
               577   595   613   631     0     0     0     0
iipe( 40) =      0     0     0    13    18    18    18     6
                 0     3    18    18    18    18    18    18
                10     0     0     0     0     0     0     0
                 0     3    18    18    18    18    18    18
                18    18    18    18     0     0     0     0
ispt( 41) =      0     0     0    65    73    91   109   127
                 0   178   181   199   217   235   253   271
               289     0     0     0     0     0     0     0
                 0   466   469   487   505   523   541   559
               577   595   613   631   649     0     0     0
iipe( 41) =      0     0     0     8    18    18    18     6
                 0     3    18    18    18    18    18    18
                10     0     0     0     0     0     0     0
                 0     3    18    18    18    18    18    18
                18    18    18    18     3     0     0     0
ispt( 42) =      0     0    51    55    73    91   109   127
               145   163   181   199   217   235   253   271
               289     0     0     0     0     0     0     0
                 0     0   469   487   505   523   541   559
               577   595   613   631   649     0     0     0
iipe( 42) =      0     0     4    18    18    18    18    18
                18    18    18    18    18    18    18    18
                18     0     0     0     0     0     0     0
                 0     0    18    18    18    18    18    18
                18    18    18    18    11     0     0     0
ispt( 43) =      0     0    47    55    73    91   109   127
               145   163   181   199   217   235   253   271
               289   307     0     0     0     0     0     0
               433   451   469   487   505   523   541   559
               577   595   613   631   649     0     0     0
iipe( 43) =      0     0     8    18    18    18    18    18
                18    18    18    18    18    18    18    18
                18     3     0     0     0     0     0     0
                18    18    18    18    18    18    18    18
                18    18    18    18    18     0     0     0
ispt( 44) =      0     0    47    55    73    91   109   127
               145   163   181   199   217   235   253   271
               289   307     0     0     0   394   397   415
               433   451   469   487   505   523   541   559
               577   595   613   631   649   667     0     0
iipe( 44) =      0     0     8    18    18    18    18    18
                18    18    18    18    18    18    18    18
                18     3     0     0     0     3    18    18
                18    18    18    18    18    18    18    18
                18    18    18    18    18    11     0     0
ispt( 45) =      0     0    37    55    73    91   109   127
               145   163   181   199   217   235   253   271
               289   307     0     0     0   379   397   415
               433   451   469   487   505   523   541   559
               577   595   613   631   649   667     0     0
iipe( 45) =      0     0    18    18    18    18    18    18
                18    18    18    18    18    18    18    18
                18    18     0     0     0    18    18    18
                18    18    18    18    18    18    18    18
                18    18    18    18    18    18     0     0

jspt(  1) =      1    15    29    43    57    71    85    99
               113   127   141   155   169   183   197   211
               225   240   255   270   285   300   315   330
               345   360   375   390   404   418   432   446
               460   474   488   502   516   530   544   558
               572   586   600   614   628
jjpe(  1) =     14    14    14    14    14    14    14    14
                14    14    14    14    14    14    14    14
                15    15    15    15    15    15    15    15
                15    15    15    14    14    14    14    14
                14    14    14    14    14    14    14    14
                14    14    14    14    14
