  npes   npe   mpe   idm   jdm  ibig  jbig  nreg  minsea  maxsea  avesea
   375    20    22   720   641    36    30     2       0    1080     786

ispt(  1) =      1     0    98   109   145     0     0     0
                 0     0     0     0     0     0     0   545
               577   613   649     0
iipe(  1) =     18     0    11    36    28     0     0     0
                 0     0     0     0     0     0     0    32
                36    36    20     0
ispt(  2) =      1    37    73   109   145   181   217   253
                 0   357   361     0     0     0     0   544
               577   613   649   685
iipe(  2) =     36    36    36    36    36    36    36    27
                 0     4     5     0     0     0     0    33
                36    36    36    36
ispt(  3) =      1    37    73   109   145   181   217   253
               289   325   361   397   433   469   505   541
               577   613   649   685
iipe(  3) =     36    36    36    36    36    36    36    36
                36    36    36    36    36    36    36    36
                36    36    36    36
ispt(  4) =      1    37    73   109   145   181   217   253
               289   325   361   397   433   469   505   541
               577   613   649   685
iipe(  4) =     36    36    36    36    36    36    36    36
                36    36    36    36    36    36    36    36
                36    36    36    36
ispt(  5) =      1    37    73   109   145   181   217   253
               289   325   361   397   433   469   505   541
               577   613   649   685
iipe(  5) =     36    36    36    36    36    36    36    36
                36    36    36    36    36    36    36    36
                36    36    36    36
ispt(  6) =      1    37    73   109   145   181   217   253
               289   325   361   397   433   469   505   541
               577   613   649   685
iipe(  6) =     36    36    36    36    36    36    36    36
                36    36    36    36    36    36    36    36
                36    36    36    36
ispt(  7) =      1    37    73   109   145   181   217   253
               289   325   361   397   433   469   505   541
               577   613   649   685
iipe(  7) =     36    36    36    36    36    36    36    36
                36    36    36    36    36    36    36    36
                36    36    36    36
ispt(  8) =      1    37    73   120   145   181   217   253
               289   325   361   397   433   469   505   541
               577   613   649   685
iipe(  8) =     36    36     9    25    36    36    36    36
                36    36    36    36    36    36    36    36
                36    36    36    36
ispt(  9) =      1    37    73   141   145   181   217     0
               293   325   361   397   433   469   505   541
               577   613   649   685
iipe(  9) =     36    36     8     4    36    36    33     0
                32    36    36    36    36    36    36    36
                36    36    36    36
ispt( 10) =      1    37     0   131   145   181   217     0
               298   325   361   397   433   469   505   541
               577   613   649   685
iipe( 10) =     36    29     0    14    36    36    32     0
                27    36    36    36    36    36    36    36
                36    36    36    36
ispt( 11) =      1    37     0   114   145   181   217     0
               300   325   361   397   433   469   505   541
               577   613   649   685
iipe( 11) =     36    30     0    31    36    36    26     0
                25    36    36    36    36    36    36    36
                36    36    36    36
ispt( 12) =      1    37    73   109   145   181   217     0
               306   325   361   397   433   469   505   541
               577   613   649   685
iipe( 12) =     36    36    36    36    36    36    23     0
                19    36    36    36    36    36    36    36
                36    36    36    36
ispt( 13) =      1    37    73   109   145   181     0     0
               294   325   361   397   433   469   505   541
               577   613   649   685
iipe( 13) =     36    36    36    36    36     9     0     0
                31    36    36    36    36    36    36    36
                36    36    36    36
ispt( 14) =      1    37    73   109   145   181   241   253
               289   325   361   397   433   469   505   541
               577   613   649   685
iipe( 14) =     36    36    36    36    36    27    12    36
                36    36    36    36    36    36    36    36
                36    36    36    36
ispt( 15) =      0    58    73   109   145   181   217   253
               289     0     0     0   455   469   505   541
               577   613   649   685
iipe( 15) =      0    15    36    36    36    36    36    36
                16     0     0     0    14    36    36    36
                36    36    36    29
ispt( 16) =      0    57    79   109   145   181   217   253
               289     0     0     0     0   485   505   541
               577   613   649   685
iipe( 16) =      0     8    30    36    36    36    36    36
                15     0     0     0     0    20    36    36
                36    36    36    11
ispt( 17) =     34    37    73   109   145   181   217   253
                 0     0     0     0     0   492   505   541
               577   613   649   685
iipe( 17) =      3    36    36    36    36    36    36    23
                 0     0     0     0     0    13    36    36
                36    36    36     3
ispt( 18) =     33    37    73   109   145   181   217   253
                 0     0     0     0     0     0   533   541
               577   613   649     0
iipe( 18) =      4    36    36    36    36    36    36    36
                 0     0     0     0     0     0     8    36
                36    36    24     0
ispt( 19) =     34    37    73   109   158   181   217   253
               289     0     0     0     0   493   505   541
               577   613     0     0
iipe( 19) =      3    36    36    24    23    36    36    36
                 6     0     0     0     0    12    36    36
                36     6     0     0
ispt( 20) =      0    58    73   109   178   181   217   253
               289     0     0     0   466   469   505   541
               577   613     0     0
iipe( 20) =      0    15    36    24     3    36    36    36
                10     0     0     0     3    36    36    36
                36    36     0     0
ispt( 21) =      0    47    73   109   145   181   217   253
               289     0     0     0   433   469   505   541
               577   613   649     0
iipe( 21) =      0    26    36    36    36    36    36    36
                20     0     0     0    36    36    36    36
                36    36    17     0
ispt( 22) =      0    37    73   109   145   181   217   253
               289   325   361   397   433   469   505   541
               577   613   649     0
iipe( 22) =      0    36    36    36    36    36    36    36
                36    36    36    36    36    36    36    36
                36    36    36     0

jspt(  1) =      1    30    59    88   117   146   175   204
               233   262   292   322   352   381   410   439
               468   497   526   555   584   613
jjpe(  1) =     29    29    29    29    29    29    29    29
                29    30    30    30    29    29    29    29
                29    29    29    29    29    29
