  npes   npe   mpe   idm   jdm  ibig  jbig  nreg  minsea  maxsea  avesea
   381    18    25   720   641    40    26     2       0    1040     774

ispt(  1) =      0     0   103   121   161     0     0     0
                 0     0     0     0     0   545   561   601
               641     0
iipe(  1) =      0     0    18    40    11     0     0     0
                 0     0     0     0     0    16    40    40
                19     0
ispt(  2) =      1    41    97   121   161     0     0     0
               357   361     0     0     0   546   561   601
               641   681
iipe(  2) =     40    36    24    40    40     0     0     0
                 4     3     0     0     0    15    40    40
                40    40
ispt(  3) =      1    41    81   121   161   201   241   281
               340   361     0     0   508   521   561   601
               641   681
iipe(  3) =     40    40    40    40    40    40    40    37
                21    27     0     0    13    40    40    40
                40    40
ispt(  4) =      1    41    81   121   161   201   241   281
               321   361   401   441   481   521   561   601
               641   681
iipe(  4) =     40    40    40    40    40    40    40    40
                40    40    40    40    40    40    40    40
                40    40
ispt(  5) =      1    41    81   121   161   201   241   281
               321   361   401   441   481   521   561   601
               641   681
iipe(  5) =     40    40    40    40    40    40    40    40
                40    40    40    40    40    40    40    40
                40    40
ispt(  6) =      1    41    81   121   161   201   241   281
               321   361   401   441   481   521   561   601
               641   681
iipe(  6) =     40    40    40    40    40    40    40    40
                40    40    40    40    40    40    40    40
                40    40
ispt(  7) =      1    41    85   121   161   201   241   281
               321   361   401   441   481   521   561   601
               641   681
iipe(  7) =     40    36    36    40    40    40    40    40
                40    40    40    40    40    40    40    40
                40    40
ispt(  8) =      1    41    81   121   161   201   241   281
               321   361   401   441   481   521   561   601
               641   681
iipe(  8) =     40    40    40    40    40    40    40    40
                40    40    40    40    40    40    40    40
                40    40
ispt(  9) =      1    41    81   121   161   201   241   281
               321   361   401   441   512   521   561   601
               641   681
iipe(  9) =     40    40    40    40    40    40    40    40
                40    40    40    25     9    40    40    40
                40    40
ispt( 10) =      1    41     0   141   161   201   241   291
               321   361   401   441   481   521   561   601
               641   681
iipe( 10) =     40    40     0    20    40    40     9    30
                40    40    40    40    40    40    40    40
                40    40
ispt( 11) =      1    41     0   144   161   201   241   298
               321   361   401   441   481   521   561   601
               641   681
iipe( 11) =     40    27     0    17    40    40     9    23
                40    40    40    40    40    40    40    40
                40    40
ispt( 12) =      1    41   118   121   161   201   241   298
               321   361   401   441   481   521   561   601
               641   681
iipe( 12) =     40    24     3    40    40    40     5    23
                40    40    40    40    40    40    40    40
                40    40
ispt( 13) =      1    41   100   121   161   201   241   308
               321   361   401   441   481   521   561   601
               641   681
iipe( 13) =     40    28    21    40    40    40     3    13
                40    40    40    40    40    40    40    40
                40    40
ispt( 14) =      1    41    81   121   161     0     0   300
               321   361   401   441   481   521   561   601
               641   681
iipe( 14) =     40    40    40    40    35     0     0    21
                40    40    40    40    40    40    40    40
                40    40
ispt( 15) =      1    41    81   121   161     0     0   291
               321   361   401   441   481   521   561   601
               641   681
iipe( 15) =     40    40    40    40    30     0     0    30
                40    40    40    40    40    40    40    40
                40    40
ispt( 16) =      1    41    81   121   161   201   241   281
               321   361   401   448   481   521   561   601
               641   681
iipe( 16) =     40    40    40    40    40    40    40    40
                40    40     4    33    40    40    40    40
                40    40
ispt( 17) =      0    61    81   121   161   201   241   281
                 0     0     0   455   481   521   561   601
               641   681
iipe( 17) =      0    20    40    40    40    40    40    24
                 0     0     0    26    40    40    40    40
                40    26
ispt( 18) =      0    59    81   121   161   201   241   281
                 0     0     0     0   485   521   561   601
               641   681
iipe( 18) =      0    22    40    40    40    40    40    23
                 0     0     0     0    36    40    40    40
                40    15
ispt( 19) =      0    41    87   121   161   201   241     0
                 0     0     0     0   492   521   561   601
               641   681
iipe( 19) =      0    30    34    40    40    40    28     0
                 0     0     0     0    29    40    40    40
                40     6
ispt( 20) =     33    41    81   121   161   201   241     0
                 0     0     0     0   506   521   561   601
               641     0
iipe( 20) =      8    40    40    40    40    40    36     0
                 0     0     0     0    15    40    40    40
                33     0
ispt( 21) =     33    41    81   121   161   201   241   281
                 0     0     0     0     0   521   561   601
                 0     0
iipe( 21) =      8    40    40    40    40    40    40    11
                 0     0     0     0     0    40    40    13
                 0     0
ispt( 22) =      0    41    81   121   173   201   241   281
                 0     0     0   478   481   521   561   601
               641     0
iipe( 22) =      0    40    40    12    28    40    40    18
                 0     0     0     3    40    40    40    40
                 5     0
ispt( 23) =      0    52    81   121   177   201   241   281
                 0     0     0   466   481   521   561   601
               641     0
iipe( 23) =      0    29    40    12    24    40    40    23
                 0     0     0    15    40    40    40    40
                16     0
ispt( 24) =      0    47    81   121   161   201   241   281
                 0     0   414   441   481   521   561   601
               641     0
iipe( 24) =      0    34    40    40    40    40    40    28
                 0     0    27    40    40    40    40    40
                27     0
ispt( 25) =      0    41    81   121   161   201   241   281
               321   361   401   441   481   521   561   601
               641     0
iipe( 25) =      0    40    40    40    40    40    40    40
                40    40    40    40    40    40    40    40
                40     0

jspt(  1) =      1    26    51    76   101   127   153   179
               205   231   257   283   309   335   361   387
               413   439   465   491   517   542   567   592
               617
jjpe(  1) =     25    25    25    25    26    26    26    26
                26    26    26    26    26    26    26    26
                26    26    26    26    25    25    25    25
                25
