  npes   npe   mpe   idm   jdm  ibig  jbig  nreg  minsea  maxsea  avesea
   883    30    37   720   641    24    18     2       0     432     334

ispt(  1) =      0     0     0     0   114   121   145     0
                 0     0     0     0     0     0     0     0
                 0     0     0     0     0     0   545   553
               577   601   625     0     0     0
iipe(  1) =      0     0     0     0     7    24    21     0
                 0     0     0     0     0     0     0     0
                 0     0     0     0     0     0     8    24
                24    24    19     0     0     0
ispt(  2) =      1     0     0     0    97   121   145   169
                 0     0     0     0     0     0     0     0
                 0     0     0     0     0     0   545   553
               577   601   625   649   673   706
iipe(  2) =     18     0     0     0    24    24    24     9
                 0     0     0     0     0     0     0     0
                 0     0     0     0     0     0     8    24
                24    24    24    24    13    15
ispt(  3) =      1    25    49    73    97   121   145   169
               193     0     0     0     0     0   357   361
                 0     0     0     0     0     0   548   553
               577   601   625   649   673   697
iipe(  3) =     24    24    24    24    24    24    24    24
                12     0     0     0     0     0     4     3
                 0     0     0     0     0     0     5    24
                24    24    24    24    24    24
ispt(  4) =      1    25    49    73    97   121   145   169
               193   217   241   265   289     0   357   361
                 0     0     0     0     0   524   529   553
               577   601   625   649   673   697
iipe(  4) =     24    24    24    24    24    24    24    24
                24    24    24    24    14     0     4    17
                 0     0     0     0     0     5    24    24
                24    24    24    24    24    24
ispt(  5) =      1    25    49    73    97   121   145   169
               193   217   241   265   289   313   337   361
               385   409   433   457   481   505   529   553
               577   601   625   649   673   697
iipe(  5) =     24    24    24    24    24    24    24    24
                24    24    24    24    24    24    24    24
                24    24    24    24    24    24    24    24
                24    24    24    24    24    24
ispt(  6) =      1    25    49    73    97   121   145   169
               193   217   241   265   289   313   337   361
               385   409   433   457   481   505   529   553
               577   601   625   649   673   697
iipe(  6) =     24    24    24    24    24    24    24    24
                24    24    24    24    24    24    24    24
                24    24    24    24    24    24    24    24
                24    24    24    24    24    24
ispt(  7) =      1    25    49    73    97   121   145   169
               193   217   241   265   289   313   337   361
               385   409   433   457   481   505   529   553
               577   601   625   649   673   697
iipe(  7) =     24    24    24    24    24    24    24    24
                24    24    24    24    24    24    24    24
                24    24    24    24    24    24    24    24
                24    24    24    24    24    24
ispt(  8) =      1    25    49    73    97   121   145   169
               193   217   241   265   289   313   337   361
               385   409   433   457   481   505   529   553
               577   601   625   649   673   697
iipe(  8) =     24    24    24    24    24    24    24    24
                24    24    24    24    24    24    24    24
                24    24    24    24    24    24    24    24
                24    24    24    24    24    24
ispt(  9) =      1    25    49    73    97   121   145   169
               193   217   241   265   289   313   337   361
               385   409   433   457   481   505   529   553
               577   601   625   649   673   697
iipe(  9) =     24    24    24    24    24    24    24    24
                24    24    24    24    24    24    24    24
                24    24    24    24    24    24    24    24
                24    24    24    24    24    24
ispt( 10) =      1    25    49    73    97   121   145   169
               193   217   241   265   289   313   337   361
               385   409   433   457   481   505   529   553
               577   601   625   649   673   697
iipe( 10) =     24    24    24    24    24    24    24    24
                24    24    24    24    24    24    24    24
                24    24    24    24    24    24    24    24
                24    24    24    24    24    24
ispt( 11) =      1    25    49    73    97   121   145   169
               193   217   241   265   289   313   337   361
               385   409   433   457   481   505   529   553
               577   601   625   649   673   697
iipe( 11) =     24    24    24    24    24    24    24    24
                24    24    24    24    24    24    24    24
                24    24    24    24    24    24    24    24
                24    24    24    24    24    24
ispt( 12) =      1    25    49    73   106   121   145   169
               193   217   241   265   289   313   337   361
               385   409   433   457   481   520   529   553
               577   601   625   649   673   697
iipe( 12) =     24    24    24     7    15    24    24    24
                24    24    24    24    24    24    24    24
                24    24    24    24    20     9    24    24
                24    24    24    24    24    24
ispt( 13) =      1    25    49    73     0   121   145   169
               193   217   241   283   289   313   337   361
               385   409   433   457     0   518   529   553
               577   601   625   649   673   697
iipe( 13) =     24    24    24     9     0    24    24    24
                24    24    15     6    24    24    24    24
                24    24    24     4     0    11    24    24
                24    24    24    24    24    24
ispt( 14) =      1    25    49    73     0   138   145   169
               193   217   241     0   289   313   337   361
               385   409   433   457   481   505   529   553
               577   601   625   649   673   697
iipe( 14) =     24    24    24     9     0     7    24    24
                24    24     9     0    24    24    24    24
                24    24    24    24    24    24    24    24
                24    24    24    24    24    24
ispt( 15) =      1    25    49    73     0   142   145   169
               193   217   241     0   300   313   337   361
               385   409   433   457   481   505   529   553
               577   601   625   649   673   697
iipe( 15) =     24    24    24     3     0     3    24    24
                24    24     9     0    13    24    24    24
                24    24    24    24    24    24    24    24
                24    24    24    24    24    24
ispt( 16) =      1    25    49     0     0     0   145   169
               193   217   241     0   298   313   337   361
               385   409   433   457   481   505   529   553
               577   601   625   649   673   697
iipe( 16) =     24    24    18     0     0     0    24    24
                24    24     9     0    15    24    24    24
                24    24    24    24    24    24    24    24
                24    24    24    24    24    24
ispt( 17) =      1    25    49     0     0   129   145   169
               193   217   241     0   298   313   337   361
               385   409   433   457   481   505   529   553
               577   601   625   649   673   697
iipe( 17) =     24    24    13     0     0    16    24    24
                24    24     6     0    15    24    24    24
                24    24    24    24    24    24    24    24
                24    24    24    24    24    24
ispt( 18) =      1    25    49     0   118   121   145   169
               193   217   241     0   302   313   337   361
               385   409   433   457   481   505   529   553
               577   601   625   649   673   697
iipe( 18) =     24    24    18     0     3    24    24    24
                24    24     3     0    11    24    24    24
                24    24    24    24    24    24    24    24
                24    24    24    24    24    24
ispt( 19) =      1    25    49     0   103   121   145   169
               193   217   241     0   310   313   337   361
               385   409   433   457   481   505   529   553
               577   601   625   649   673   697
iipe( 19) =     24    24    18     0    18    24    24    24
                24    24     3     0     3    24    24    24
                24    24    24    24    24    24    24    24
                24    24    24    24    24    24
ispt( 20) =      1    25    49    73    97   121   145   169
               193     0     0     0   306   313   337   361
               385   409   433   457   481   505   529   553
               577   601   625   649   673   697
iipe( 20) =     24    24    24    24    24    24    24    24
                 7     0     0     0     7    24    24    24
                24    24    24    24    24    24    24    24
                24    24    24    24    24    24
ispt( 21) =      1    25    49    73    97   121   145   169
                 0     0     0     0   298   313   337   361
               385   409   433   457   481   505   529   553
               577   601   625   649   673   697
iipe( 21) =     24    24    24    24    24    24    24    24
                 0     0     0     0    15    24    24    24
                24    24    24    24    24    24    24    24
                24    24    24    24    24    24
ispt( 22) =      1    25    49    73    97   121   145   169
                 0     0     0     0   292   324   337   361
               385   409   433   457   481   505   529   553
               577   601   625   649   673   697
iipe( 22) =     24    24    24    24    24    24    24    21
                 0     0     0     0    16    13    24    24
                24    24    24    24    24    24    24    24
                24    24    24    24    24    24
ispt( 23) =      1    25    49    73    97   121   145   169
               193     0     0   277   289   316   337   361
                 0     0   437   457   481   505   529   553
               577   601   625   649   673   697
iipe( 23) =     24    24    24    24    24    24    24    24
                 9     0     0    12    11    21    24     3
                 0     0    20    24    24    24    24    24
                24    24    24    24    24    24
ispt( 24) =      0    28    49    73    97   121   145   169
               193   217   241   265   289   316     0     0
                 0     0     0   457   481   505   529   553
               577   601   625   649   673   697
iipe( 24) =      0    21    24    24    24    24    24    24
                24    24    24    24     5     8     0     0
                 0     0     0    24    24    24    24    24
                24    24    24    24    24    21
ispt( 25) =      0     0    68    73    97   121   145   169
               193   217   241   265   289     0     0     0
                 0     0   454   457   481   505   529   553
               577   601   625   649   673   697
iipe( 25) =      0     0     5    24    24    24    24    24
                24    24    24    24    16     0     0     0
                 0     0     3    24    24    24    24    24
                24    24    24    24    24     3
ispt( 26) =      0     0     0    79    97   121   145   169
               193   217   241   276   289     0     0     0
                 0     0     0     0   481   505   529   553
               577   601   625   649   673     0
iipe( 26) =      0     0     0    18    24    24    24    24
                24    24    17    13    16     0     0     0
                 0     0     0     0    24    24    24    24
                24    24    24    24    24     0
ispt( 27) =      0     0    56    84    97   121   145   169
               193   217   241     0     0     0     0     0
                 0     0     0     0   492   505   529   553
               577   601   625   649   673     0
iipe( 27) =      0     0     9    13    24    24    24    24
                24    24    19     0     0     0     0     0
                 0     0     0     0    13    24    24    24
                24    24    24    24    24     0
ispt( 28) =      0    44    49     0    97   121   145   169
               193   217   241   265     0     0     0     0
                 0     0     0     0   492   505   529   553
               577   601   625   649   673     0
iipe( 28) =      0     5    24     0    24    24    24    24
                24    24    24     4     0     0     0     0
                 0     0     0     0    13    24    24    24
                24    24    24    24    11     0
ispt( 29) =      0    33    49    73    97   121   145   169
               193   217   241   265     0     0     0     0
                 0     0     0     0   502   505   529   553
               577   601   625   649   673     0
iipe( 29) =      0    16    24    24    24    24    24    24
                24    24    24    12     0     0     0     0
                 0     0     0     0     3    24    24    24
                24    24    24    24     3     0
ispt( 30) =      0    33    49    73    97   121   145   169
               193   217   241     0     0     0     0     0
                 0     0     0     0     0     0     0   572
               577   601   632   649     0     0
iipe( 30) =      0    16    24    24    24    24    24    24
                24    24    24     0     0     0     0     0
                 0     0     0     0     0     0     0     5
                24    13    17    11     0     0
ispt( 31) =      0    34    49    73    97   121   156   169
               193   217   241   265   289     0     0     0
                 0     0     0     0     0   525   529   553
               577   601     0     0     0     0
iipe( 31) =      0    15    24    24    24    11    13    24
                24    24    24    24     3     0     0     0
                 0     0     0     0     0     4    24    24
                24     9     0     0     0     0
ispt( 32) =      0    41    49    73   100   121     0   169
               193   217   241   265   289     0     0     0
                 0     0     0     0   487   505   529   553
               577   601     0     0     0     0
iipe( 32) =      0     8    24    19    21    12     0    24
                24    24    24    24     6     0     0     0
                 0     0     0     0    18    24    24    24
                24    24     0     0     0     0
ispt( 33) =      0     0    59    73   100   121     0   179
               193   217   241   265   289     0     0     0
                 0     0     0   466   481   505   529   553
               577   601   625     0     0     0
iipe( 33) =      0     0    14    18    21    12     0    14
                24    24    24    24    10     0     0     0
                 0     0     0    15    24    24    24    24
                24    24    24     0     0     0
ispt( 34) =      0     0    52    73    97   121     0   178
               193   217   241   265   289     0     0     0
                 0     0     0   466   481   505   529   553
               577   601   625   649     0     0
iipe( 34) =      0     0    21    24    24    12     0    15
                24    24    24    24    15     0     0     0
                 0     0     0    15    24    24    24    24
                24    24    24     3     0     0
ispt( 35) =      0    46    49    73    97   121   145   169
               193   217   241   265   289     0     0     0
                 0     0     0   457   481   505   529   553
               577   601   625   649     0     0
iipe( 35) =      0     3    24    24    24    24    24    24
                24    24    24    24    20     0     0     0
                 0     0     0    24    24    24    24    24
                24    24    24    14     0     0
ispt( 36) =      0    46    49    73    97   121   145   169
               193   217   241   265   289     0     0     0
               398   409   433   457   481   505   529   553
               577   601   625   649   673     0
iipe( 36) =      0     3    24    24    24    24    24    24
                24    24    24    24    20     0     0     0
                11    24    24    24    24    24    24    24
                24    24    24    24     5     0
ispt( 37) =      0    25    49    73    97   121   145   169
               193   217   241   265   289   313     0     0
               385   409   433   457   481   505   529   553
               577   601   625   649   673     0
iipe( 37) =      0    24    24    24    24    24    24    24
                24    24    24    24    24    24     0     0
                24    24    24    24    24    24    24    24
                24    24    24    24    24     0

jspt(  1) =      1    18    35    52    69    86   103   120
               137   154   171   188   205   223   241   259
               277   295   313   331   349   367   385   403
               421   438   455   472   489   506   523   540
               557   574   591   608   625
jjpe(  1) =     17    17    17    17    17    17    17    17
                17    17    17    17    18    18    18    18
                18    18    18    18    18    18    18    18
                17    17    17    17    17    17    17    17
                17    17    17    17    17
