  npes   npe   mpe   idm   jdm  ibig  jbig  nreg  minsea  maxsea  avesea
   253    16    18   720   641    45    36     2       0    1620    1166

ispt(  1) =      1     0    97   136     0     0     0     0
                 0     0     0     0   545   586   631   676
iipe(  1) =     18     0    39    45     0     0     0     0
                 0     0     0     0    41    45    45    45
ispt(  2) =      1    46    97   136   181   226   271   357
               361     0     0   515   541   586   631   676
iipe(  2) =     45    42    39    45    45    45    35     4
                18     0     0    26    45    45    45    45
ispt(  3) =      1    46    91   136   181   226   271   316
               361   406   451   496   541   586   631   676
iipe(  3) =     45    45    45    45    45    45    45    45
                45    45    45    45    45    45    45    45
ispt(  4) =      1    46    91   136   181   226   271   316
               361   406   451   496   541   586   631   676
iipe(  4) =     45    45    45    45    45    45    45    45
                45    45    45    45    45    45    45    45
ispt(  5) =      1    46    91   136   181   226   271   316
               361   406   451   496   541   586   631   676
iipe(  5) =     45    45    45    45    45    45    45    45
                45    45    45    45    45    45    45    45
ispt(  6) =      1    46    95   136   181   226   271   316
               361   406   451   496   541   586   631   676
iipe(  6) =     45    35    41    45    45    45    45    45
                45    45    45    45    45    45    45    45
ispt(  7) =      1    46   124   136   181   226   286   316
               361   406   451   496   541   586   631   676
iipe(  7) =     45    36    12    45    45    26    30    45
                45    45    45    45    45    45    45    45
ispt(  8) =      1    46     0   142   181   226   298   316
               361   406   451   496   541   586   631   676
iipe(  8) =     45    23     0    39    45    24    18    45
                45    45    45    45    45    45    45    45
ispt(  9) =      1    46   114   136   181   226   299   316
               361   406   451   496   541   586   631   676
iipe(  9) =     45    21    22    45    45    19    17    45
                45    45    45    45    45    45    45    45
ispt( 10) =      1    46    91   136   181   226   302   316
               361   406   451   496   541   586   631   676
iipe( 10) =     45    45    45    45    45    14    14    45
                45    45    45    45    45    45    45    45
ispt( 11) =      1    46    91   136   181     0   288   316
               361   406   451   496   541   586   631   676
iipe( 11) =     45    45    45    45    14     0    28    45
                45    45    45    45    45    45    45    45
ispt( 12) =      1    46    91   136   181   226   271   316
                 0     0   455   496   541   586   631   676
iipe( 12) =     45    45    45    45    45    45    45    39
                 0     0    41    45    45    45    45    45
ispt( 13) =      0    58    91   136   181   226   271     0
                 0     0   459   496   541   586   631   676
iipe( 13) =      0    33    45    45    45    45    34     0
                 0     0    37    45    45    45    45    20
ispt( 14) =     36    46    91   136   181   226   271     0
                 0     0   492   496   541   586   631   676
iipe( 14) =     10    45    45    45    45    45     6     0
                 0     0     4    45    45    45    45    11
ispt( 15) =     33    46    91   136   181   226   271     0
                 0     0     0   527   541   586   631     0
iipe( 15) =     13    45    45    45    45    45    21     0
                 0     0     0    14    45    45    38     0
ispt( 16) =     39    46    91   171   181   226   271     0
                 0     0   468   496   541   586   631     0
iipe( 16) =      7    45    42    10    45    45    28     0
                 0     0    28    45    45    45    16     0
ispt( 17) =      0    49    91   136   181   226   271     0
                 0   448   451   496   541   586   631     0
iipe( 17) =      0    42    45    45    45    45    38     0
                 0     3    45    45    45    45    31     0
ispt( 18) =      1    46    91   136   181   226   271   316
               361   406   451   496   541   586   631   676
iipe( 18) =     45    45    45    45    45    45    45    45
                45    45    45    45    45    45    45    45

jspt(  1) =      1    36    71   106   142   178   214   250
               286   322   358   394   430   466   502   537
               572   607
jjpe(  1) =     35    35    35    36    36    36    36    36
                36    36    36    36    36    36    35    35
                35    35
