  npes   npe   mpe   idm   jdm  ibig  jbig  nreg  minsea  maxsea  avesea
   124    10    13   720   641    72    50     2       0    3600    2379

ispt(  1) =      1    73   145     0   358   361     0   545
               577   649
iipe(  1) =     72    72    54     0     3     3     0    32
                72    72
ispt(  2) =      1    73   145   217   289   361   433   505
               577   649
iipe(  2) =     72    72    72    72    72    72    72    72
                72    72
ispt(  3) =      1    73   145   217   289   361   433   505
               577   649
iipe(  3) =     72    72    72    72    72    72    72    72
                72    72
ispt(  4) =      1    73   145   217   289   361   433   505
               577   649
iipe(  4) =     72    72    72    72    72    72    72    72
                72    72
ispt(  5) =      1    73   145   217   289   361   433   505
               577   649
iipe(  5) =     72    72    72    72    72    72    72    72
                72    72
ispt(  6) =      1   124   145   217   298   361   433   505
               577   649
iipe(  6) =     69    21    72    33    63    72    72    72
                72    72
ispt(  7) =      1    73   145   217   303   361   433   505
               577   649
iipe(  7) =     72    72    72    25    58    72    72    72
                72    72
ispt(  8) =      1    73   145   286   289   361   433   505
               577   649
iipe(  8) =     72    72    54     3    72    72    72    72
                72    72
ispt(  9) =      1    73   145   217   289     0   455   505
               577   649
iipe(  9) =     72    72    72    72    47     0    50    72
                72    72
ispt( 10) =     37    73   145   217   289     0   492   505
               577   649
iipe( 10) =     36    72    72    72    10     0    13    72
                72    47
ispt( 11) =     33    73   145   217   289     0   493   505
               577   649
iipe( 11) =     40    72    72    72     3     0    12    72
                72    25
ispt( 12) =     46    73   176   217   289     0   466   505
               577   649
iipe( 12) =     27    66    41    72    15     0    39    72
                72     8
ispt( 13) =      1    73   145   217   289   361   433   505
               577   649
iipe( 13) =     72    72    72    72    72    72    72    72
                72    72

jspt(  1) =      1    50    99   148   197   247   297   347
               397   446   495   544   593
jjpe(  1) =     49    49    49    49    50    50    50    50
                49    49    49    49    49
