  npes   npe   mpe   idm   jdm  ibig  jbig  nreg  minsea  maxsea  avesea
   888    36    31   720   641    20    21     2       0     420     332

ispt(  1) =      0     0     0     0     0   109   121   141
               161     0     0     0     0     0     0     0
                 0     0     0     0     0     0     0     0
                 0     0     0   545   561   581   601   621
               641     0     0     0
iipe(  1) =      0     0     0     0     0    12    20    20
                 8     0     0     0     0     0     0     0
                 0     0     0     0     0     0     0     0
                 0     0     0    16    20    20    20    20
                 4     0     0     0
ispt(  2) =      1     0    50     0    97   101   121   141
               161     0     0     0     0     0     0     0
                 0     0     0     0     0     0     0     0
                 0     0     0   546   561   581   601   621
               641   661   681   701
iipe(  2) =     20     0    11     0     4    20    20    20
                20     0     0     0     0     0     0     0
                 0     0     0     0     0     0     0     0
                 0     0     0    15    20    20    20    20
                20    20    20    20
ispt(  3) =      1    21    41    61    98   101   121   141
               161   181   201   221   241   261   281     0
                 0   357   361     0     0     0     0     0
                 0     0     0   541   561   581   601   621
               641   661   681   701
iipe(  3) =     20    20    20    16     3    20    20    20
                20    20    20    20    20    20     5     0
                 0     4     6     0     0     0     0     0
                 0     0     0    20    20    20    20    20
                20    20    20    20
ispt(  4) =      1    21    41    61    81   101   121   141
               161   181   201   221   241   261   281   301
               321   341   361   381   401   421   441   461
               481   501   521   541   561   581   601   621
               641   661   681   701
iipe(  4) =     20    20    20    20    20    20    20    20
                20    20    20    20    20    20    20    20
                20    20    20    20    20    20    20    20
                20    20    20    20    20    20    20    20
                20    20    20    20
ispt(  5) =      1    21    41    61    81   101   121   141
               161   181   201   221   241   261   281   301
               321   341   361   381   401   421   441   461
               481   501   521   541   561   581   601   621
               641   661   681   701
iipe(  5) =     20    20    20    20    20    20    20    20
                20    20    20    20    20    20    20    20
                20    20    20    20    20    20    20    20
                20    20    20    20    20    20    20    20
                20    20    20    20
ispt(  6) =      1    21    41    61    81   101   121   141
               161   181   201   221   241   261   281   301
               321   341   361   381   401   421   441   461
               481   501   521   541   561   581   601   621
               641   661   681   701
iipe(  6) =     20    20    20    20    20    20    20    20
                20    20    20    20    20    20    20    20
                20    20    20    20    20    20    20    20
                20    20    20    20    20    20    20    20
                20    20    20    20
ispt(  7) =      1    21    41    61    81   101   121   141
               161   181   201   221   241   261   281   301
               321   341   361   381   401   421   441   461
               481   501   521   541   561   581   601   621
               641   661   681   701
iipe(  7) =     20    20    20    20    20    20    20    20
                20    20    20    20    20    20    20    20
                20    20    20    20    20    20    20    20
                20    20    20    20    20    20    20    20
                20    20    20    20
ispt(  8) =      1    21    41    61    81   101   121   141
               161   181   201   221   241   261   281   301
               321   341   361   381   401   421   441   461
               481   501   521   541   561   581   601   621
               641   661   681   701
iipe(  8) =     20    20    20    20    20    20    20    20
                20    20    20    20    20    20    20    20
                20    20    20    20    20    20    20    20
                20    20    20    20    20    20    20    20
                20    20    20    20
ispt(  9) =      1    21    41    61    88   101   121   141
               161   181   201   221   241   261   281   301
               321   341   361   381   401   421   441   461
               481   501   521   541   561   581   601   621
               641   661   681   701
iipe(  9) =     20    20    20    16    13    20    20    20
                20    20    20    20    20    20    20    20
                20    20    20    20    20    20    20    20
                20    20    20    20    20    20    20    20
                20    20    20    20
ispt( 10) =      1    21    41    61     0   106   121   141
               161   181   201   221   241   261   281   301
               321   341   361   381   401   421   441   461
               481   501   521   541   561   581   601   621
               641   661   681   701
iipe( 10) =     20    20    20    20     0    15    20    20
                20    20    20    20    20    20    20    20
                20    20    20    20    20    20    20    20
                20    20    20    20    20    20    20    20
                20    20    20    20
ispt( 11) =      1    21    41    61    81     0   121   141
               161   181   201   221   241     0   285   301
               321   341   361   381   401   421   441   461
                 0   513   521   541   561   581   601   621
               641   661   681   701
iipe( 11) =     20    20    20    20     3     0    20    20
                20    20    20    20    13     0    16    20
                20    20    20    20    20    20    20     4
                 0     8    20    20    20    20    20    20
                20    20    20    20
ispt( 12) =      1    21    41    61    81     0   138   141
               161   181   201   221   241     0   290   301
               321   341   361   381   401   421   441   461
               481   501   521   541   561   581   601   621
               641   661   681   701
iipe( 12) =     20    20    20    20     3     0     3    20
                20    20    20    20     7     0    11    20
                20    20    20    20    20    20    20    20
                20    20    20    20    20    20    20    20
                20    20    20    20
ispt( 13) =      1    21    41    61     0     0     0   141
               161   181   201   221   241     0   298   301
               321   341   361   381   401   421   441   461
               481   501   521   541   561   581   601   621
               641   661   681   701
iipe( 13) =     20    20    20     8     0     0     0    20
                20    20    20    20     9     0     3    20
                20    20    20    20    20    20    20    20
                20    20    20    20    20    20    20    20
                20    20    20    20
ispt( 14) =      1    21    41    61     0     0   131   141
               161   181   201   221   241     0   298   301
               321   341   361   381   401   421   441   461
               481   501   521   541   561   581   601   621
               641   661   681   701
iipe( 14) =     20    20    20     3     0     0    10    20
                20    20    20    20     8     0     3    20
                20    20    20    20    20    20    20    20
                20    20    20    20    20    20    20    20
                20    20    20    20
ispt( 15) =      1    21    41    61     0   118   121   141
               161   181   201   221   241     0   298   301
               321   341   361   381   401   421   441   461
               481   501   521   541   561   581   601   621
               641   661   681   701
iipe( 15) =     20    20    20     5     0     3    20    20
                20    20    20    20     3     0     3    20
                20    20    20    20    20    20    20    20
                20    20    20    20    20    20    20    20
                20    20    20    20
ispt( 16) =      1    21    41    61     0   101   121   141
               161   181   201   221   241     0     0   310
               321   341   361   381   401   421   441   461
               481   501   521   541   561   581   601   621
               641   661   681   701
iipe( 16) =     20    20    20     7     0    20    20    20
                20    20    20    20     3     0     0    11
                20    20    20    20    20    20    20    20
                20    20    20    20    20    20    20    20
                20    20    20    20
ispt( 17) =      1    21    41    61    81   101   121   141
               161   181     0     0     0     0     0   304
               321   341   361   381   401   421   441   461
               481   501   521   541   561   581   601   621
               641   661   681   701
iipe( 17) =     20    20    20    20    20    20    20    20
                20    17     0     0     0     0     0    17
                20    20    20    20    20    20    20    20
                20    20    20    20    20    20    20    20
                20    20    20    20
ispt( 18) =      1    21    41    61    81   101   121   141
               161   181     0     0     0     0   295   301
               321   341   361   381   401   421   441   461
               481   501   521   541   561   581   601   621
               641   661   681   701
iipe( 18) =     20    20    20    20    20    20    20    20
                20     9     0     0     0     0     6    20
                20    20    20    20    20    20    20    20
                20    20    20    20    20    20    20    20
                20    20    20    20
ispt( 19) =      1    24    41    61    81   101   121   141
               161   181     0     0     0     0   287   301
               321   341   361   388   401   432   441   461
               481   501   521   541   561   581   601   621
               641   661   681   701
iipe( 19) =     15    17    20    20    20    20    20    20
                20    17     0     0     0     0    14    20
                20    20     7    13    10     9    20    20
                20    20    20    20    20    20    20    20
                20    20    20    20
ispt( 20) =      1    25    41    61    81   101   121   141
               161   181   201   221   241   261   281   316
               321     0     0     0     0     0   458   461
               481   501   521   541   561   581   601   621
               641   661   681   701
iipe( 20) =      3    16    20    20    20    20    20    20
                20    20    20    20    20    20    14     5
                20     0     0     0     0     0     3    20
                20    20    20    20    20    20    20    20
                20    20    20    20
ispt( 21) =      0     0     0    66    81   101   121   141
               161   181   201   221   241   261   281   301
                 0     0     0     0     0     0   455   461
               481   501   521   541   561   581   601   621
               641   661   681   701
iipe( 21) =      0     0     0    15    20    20    20    20
                20    20    20    20    20    20    20     4
                 0     0     0     0     0     0     6    20
                20    20    20    20    20    20    20    20
                20    20    20     3
ispt( 22) =      0     0     0    78    81   101   121   141
               161   181   201   221   241   276   281   301
                 0     0     0     0     0     0     0     0
               481   501   521   541   561   581   601   621
               641   661   681     0
iipe( 22) =      0     0     0     3    20    20    20    20
                20    20    20    20    17     5    20     4
                 0     0     0     0     0     0     0     0
                20    20    20    20    20    20    20    20
                20    20    15     0
ispt( 23) =      0     0    52    61    85   101   121   141
               161   181   201   221   241   261     0     0
                 0     0     0     0     0     0     0     0
               492   501   521   541   561   581   601   621
               641   661   681     0
iipe( 23) =      0     0     9     8    16    20    20    20
                20    20    20    20    20     3     0     0
                 0     0     0     0     0     0     0     0
                 9    20    20    20    20    20    20    20
                20    20    15     0
ispt( 24) =      0    36    41    61    84   101   121   141
               161   181   201   221   241   261     0     0
                 0     0     0     0     0     0     0     0
               496   501   521   541   561   581   601   621
               641   661     0     0
iipe( 24) =      0     5    20    10    17    20    20    20
                20    20    20    20    20    16     0     0
                 0     0     0     0     0     0     0     0
                 5    20    20    20    20    20    20    20
                20    20     0     0
ispt( 25) =      0    33    41    61    81   101   121   141
               161   181   201   221   241   261     0     0
                 0     0     0     0     0     0     0     0
                 0     0     0   546   567   581   601   631
               641   661     0     0
iipe( 25) =      0     8    20    20    20    20    20    20
                20    20    20    20    20    16     0     0
                 0     0     0     0     0     0     0     0
                 0     0     0     4    14    20    13    10
                20     9     0     0
ispt( 26) =      0    34    41    61    81   101   121   156
               161   181   201   221   241   261   281     0
                 0     0     0     0     0     0     0     0
                 0   501   521   541   561   581   601     0
                 0     0     0     0
iipe( 26) =      0     7    20    20    20    20    11     5
                20    20    20    20    20    20    11     0
                 0     0     0     0     0     0     0     0
                 0    20    20    20    20    20     9     0
                 0     0     0     0
ispt( 27) =      0     0    41    61    81   101   121     0
               173   181   201   221   241   261   281     0
                 0     0     0     0     0     0     0     0
               481   501   521   541   561   581   601   621
                 0     0     0     0
iipe( 27) =      0     0    20    20    20    20    12     0
                 8    20    20    20    20    20    17     0
                 0     0     0     0     0     0     0     0
                20    20    20    20    20    20    20    13
                 0     0     0     0
ispt( 28) =      0     0     0    61    81   101   121     0
               178   181   201   221   241   261   281     0
                 0     0     0     0     0     0     0   466
               481   501   521   541   561   581   601   621
               641     0     0     0
iipe( 28) =      0     0     0    20    20    20    12     0
                 3    20    20    20    20    20    20     0
                 0     0     0     0     0     0     0    15
                20    20    20    20    20    20    20    20
                 7     0     0     0
ispt( 29) =      0     0    50    61    81   101   121   141
               161   181   201   221   241   261   281   301
                 0     0     0     0     0     0     0   466
               481   501   521   541   561   581   601   621
               641     0     0     0
iipe( 29) =      0     0    11    20    20    20    20    20
                20    20    20    20    20    20    20     7
                 0     0     0     0     0     0     0    15
                20    20    20    20    20    20    20    20
                20     0     0     0
ispt( 30) =      0     0    47    61    81   101   121   141
               161   181   201   221   241   261   281   301
                 0     0     0     0   401   428   441   461
               481   501   521   541   561   581   601   621
               641   661     0     0
iipe( 30) =      0     0    14    20    20    20    20    20
                20    20    20    20    20    20    20     8
                 0     0     0     0    16    13    20    20
                20    20    20    20    20    20    20    20
                20    16     0     0
ispt( 31) =      0     0    41    61    81   101   121   141
               161   181   201   221   241   261   281   301
               321     0     0   381   401   421   441   461
               481   501   521   541   561   581   601   621
               641   661     0     0
iipe( 31) =      0     0    20    20    20    20    20    20
                20    20    20    20    20    20    20    20
                20     0     0    20    20    20    20    20
                20    20    20    20    20    20    20    20
                20    20     0     0

jspt(  1) =      1    21    41    61    81   102   123   144
               165   186   207   228   249   270   291   312
               333   354   375   396   417   438   459   480
               501   522   542   562   582   602   622
jjpe(  1) =     20    20    20    20    21    21    21    21
                21    21    21    21    21    21    21    21
                21    21    21    21    21    21    21    21
                21    20    20    20    20    20    20
