  npes   npe   mpe   idm   jdm  ibig  jbig  nreg  minsea  maxsea  avesea
   123    12    11   720   641    60    59     2       5    3540    2398

ispt(  1) =      1    61   121   181   241   357   361     0
                 0   544   601   661
iipe(  1) =     60    60    60    60    39     4     5     0
                 0    57    60    60
ispt(  2) =      1    61   121   181   241   301   361   421
               481   541   601   661
iipe(  2) =     60    60    60    60    60    60    60    60
                60    60    60    60
ispt(  3) =      1    61   121   181   241   301   361   421
               481   541   601   661
iipe(  3) =     60    60    60    60    60    60    60    60
                60    60    60    60
ispt(  4) =      1    61   121   181   241   301   361   421
               481   541   601   661
iipe(  4) =     60    60    60    60    60    60    60    60
                60    60    60    60
ispt(  5) =      1    61   131   181   241   301   361   421
               481   541   601   661
iipe(  5) =     60    20    50    60    60    60    60    60
                60    60    60    60
ispt(  6) =      1    61   121   181   241   301   361   421
               481   541   601   661
iipe(  6) =     60    60    60    60    60    60    60    60
                60    60    60    60
ispt(  7) =      1    61   121   181   241   301   361   421
               481   541   601   661
iipe(  7) =     60    60    60    60    60    60    60    60
                60    60    60    60
ispt(  8) =     57    61   121   181   241   301     0   455
               481   541   601   661
iipe(  8) =      4    60    60    60    60     4     0    26
                60    60    60    53
ispt(  9) =     33    61   121   181   241     0     0     0
               492   541   601   661
iipe(  9) =     28    60    60    60    47     0     0     0
                49    60    60    25
ispt( 10) =     34    61   121   181   241     0     0   466
               481   541   601     0
iipe( 10) =     27    60    60    60    60     0     0    15
                60    60    47     0
ispt( 11) =      1    61   121   181   241   301   361   421
               481   541   601   661
iipe( 11) =     60    60    60    60    60    60    60    60
                60    60    60    60

jspt(  1) =      1    59   117   175   234   293   352   410
               468   526   584
jjpe(  1) =     58    58    58    59    59    59    58    58
                58    58    58
