  npes   npe   mpe   idm   jdm  ibig  jbig  nreg  minsea  maxsea  avesea
   634    30    26   720   641    24    25     2       0     600     465

ispt(  1) =      0     0     0     0   104   121   145   169
                 0     0     0     0     0     0     0     0
                 0     0     0     0     0     0   545   553
               577   601   625   649     0     0
iipe(  1) =      0     0     0     0    17    24    24     3
                 0     0     0     0     0     0     0     0
                 0     0     0     0     0     0     8    24
                24    24    24     7     0     0
ispt(  2) =      1    29    49    73    97   121   145   169
               193     0     0     0     0     0   358     0
                 0     0     0     0     0     0   546   553
               577   601   625   649   673   697
iipe(  2) =     18    20    24    24    24    24    24    24
                 6     0     0     0     0     0     3     0
                 0     0     0     0     0     0     7    24
                24    24    24    24    24    24
ispt(  3) =      1    25    49    73    97   121   145   169
               193   217   241   265   289     0   357   361
                 0     0     0     0     0   514   529   553
               577   601   625   649   673   697
iipe(  3) =     24    24    24    24    24    24    24    24
                24    24    24    24    21     0     4    24
                 0     0     0     0     0    15    24    24
                24    24    24    24    24    24
ispt(  4) =      1    25    49    73    97   121   145   169
               193   217   241   265   289   313   337   361
               385   409   433   457   481   505   529   553
               577   601   625   649   673   697
iipe(  4) =     24    24    24    24    24    24    24    24
                24    24    24    24    24    24    24    24
                24    24    24    24    24    24    24    24
                24    24    24    24    24    24
ispt(  5) =      1    25    49    73    97   121   145   169
               193   217   241   265   289   313   337   361
               385   409   433   457   481   505   529   553
               577   601   625   649   673   697
iipe(  5) =     24    24    24    24    24    24    24    24
                24    24    24    24    24    24    24    24
                24    24    24    24    24    24    24    24
                24    24    24    24    24    24
ispt(  6) =      1    25    49    73    97   121   145   169
               193   217   241   265   289   313   337   361
               385   409   433   457   481   505   529   553
               577   601   625   649   673   697
iipe(  6) =     24    24    24    24    24    24    24    24
                24    24    24    24    24    24    24    24
                24    24    24    24    24    24    24    24
                24    24    24    24    24    24
ispt(  7) =      1    25    49    73    97   121   145   169
               193   217   241   265   289   313   337   361
               385   409   433   457   481   505   529   553
               577   601   625   649   673   697
iipe(  7) =     24    24    24    24    24    24    24    24
                24    24    24    24    24    24    24    24
                24    24    24    24    24    24    24    24
                24    24    24    24    24    24
ispt(  8) =      1    25    49    73    97   121   145   169
               193   217   241   265   289   313   337   361
               385   409   433   457   481   505   529   553
               577   601   625   649   673   697
iipe(  8) =     24    24    24    24    24    24    24    24
                24    24    24    24    24    24    24    24
                24    24    24    24    24    24    24    24
                24    24    24    24    24    24
ispt(  9) =      1    25    49    73   115   121   145   169
               193   217   241   277   289   313   337   361
               385   409   433   457   481   518   529   553
               577   601   625   649   673   697
iipe(  9) =     24    24    24     9     6    24    24    24
                24    24    18    12    24    24    24    24
                24    24    24    24     9    11    24    24
                24    24    24    24    24    24
ispt( 10) =      1    25    49    73     0   136   145   169
               193   217   241     0   289   313   337   361
               385   409   433   457   481   505   529   553
               577   601   625   649   673   697
iipe( 10) =     24    24    24     9     0     9    24    24
                24    24    10     0    24    24    24    24
                24    24    24    24    24    24    24    24
                24    24    24    24    24    24
ispt( 11) =      1    25    49     0     0   142   145   169
               193   217   241     0   299   313   337   361
               385   409   433   457   481   505   529   553
               577   601   625   649   673   697
iipe( 11) =     24    24    21     0     0     3    24    24
                24    24     9     0    14    24    24    24
                24    24    24    24    24    24    24    24
                24    24    24    24    24    24
ispt( 12) =      1    25    49     0     0   124   145   169
               193   217   241     0   298   313   337   361
               385   409   433   457   481   505   529   553
               577   601   625   649   673   697
iipe( 12) =     24    24    15     0     0    21    24    24
                24    24     7     0    15    24    24    24
                24    24    24    24    24    24    24    24
                24    24    24    24    24    24
ispt( 13) =      1    25    49     0   114   121   145   169
               193   217   241     0   303   313   337   361
               385   409   433   457   481   505   529   553
               577   601   625   649   673   697
iipe( 13) =     24    24    18     0     7    24    24    24
                24    24     3     0    10    24    24    24
                24    24    24    24    24    24    24    24
                24    24    24    24    24    24
ispt( 14) =      1    25    49    73    97   121   145   169
               193   217     0     0   306   313   337   361
               385   409   433   457   481   505   529   553
               577   601   625   649   673   697
iipe( 14) =     24    24    24    24    24    24    24    24
                24    24     0     0     7    24    24    24
                24    24    24    24    24    24    24    24
                24    24    24    24    24    24
ispt( 15) =      1    25    49    73    97   121   145   169
                 0     0     0     0   296   313   337   361
               385   409   433   457   481   505   529   553
               577   601   625   649   673   697
iipe( 15) =     24    24    24    24    24    24    24    24
                 0     0     0     0    17    24    24    24
                24    24    24    24    24    24    24    24
                24    24    24    24    24    24
ispt( 16) =      1    25    49    73    97   121   145   169
               193     0     0   286   289   318   337   361
               385   409   433   457   481   505   529   553
               577   601   625   649   673   697
iipe( 16) =     24    24    24    24    24    24    24    24
                 6     0     0     3    17    19    24    24
                24    24    24    24    24    24    24    24
                24    24    24    24    24    24
ispt( 17) =      1    25    49    73    97   121   145   169
               193   217   241   265   289   316     0     0
                 0     0   454   457   481   505   529   553
               577   601   625   649   673   697
iipe( 17) =     24    24    24    24    24    24    24    24
                24    24    24    24     6    21     0     0
                 0     0     3    24    24    24    24    24
                24    24    24    24    24    24
ispt( 18) =      0     0    68    73    97   121   145   169
               193   217   241   265   289     0     0     0
                 0     0   454   457   481   505   529   553
               577   601   625   649   673   697
iipe( 18) =      0     0     5    24    24    24    24    24
                24    24    24    24    16     0     0     0
                 0     0     3    24    24    24    24    24
                24    24    24    24    24     3
ispt( 19) =      0     0    56    84    97   121   145   169
               193   217   241   280   289     0     0     0
                 0     0     0     0   492   505   529   553
               577   601   625   649   673     0
iipe( 19) =      0     0     9    13    24    24    24    24
                24    24    19     9    10     0     0     0
                 0     0     0     0    13    24    24    24
                24    24    24    24    24     0
ispt( 20) =      0    36    49    73    97   121   145   169
               193   217   241   265     0     0     0     0
                 0     0     0     0   492   505   529   553
               577   601   625   649   673     0
iipe( 20) =      0    13    24    24    24    24    24    24
                24    24    24    11     0     0     0     0
                 0     0     0     0    13    24    24    24
                24    24    24    24    11     0
ispt( 21) =      0    33    49    73    97   121   145   169
               193   217   241   265     0     0     0     0
                 0     0     0     0     0     0   533   563
               577   601   629   649     0     0
iipe( 21) =      0    16    24    24    24    24    24    24
                24    24    24    12     0     0     0     0
                 0     0     0     0     0     0    17    14
                24    14    20    24     0     0
ispt( 22) =      0    34    49    73    97   121   156   169
               193   217   241   265   289     0     0     0
                 0     0     0     0   493   505   529   553
               577   601     0     0     0     0
iipe( 22) =      0    15    24    24    24    12    13    24
                24    24    24    24     3     0     0     0
                 0     0     0     0    12    24    24    24
                24     9     0     0     0     0
ispt( 23) =      0    46    49    73   100   121     0   176
               193   217   241   265   289     0     0     0
                 0     0     0   475   481   505   529   553
               577   601   625     0     0     0
iipe( 23) =      0     3    24    19    21    12     0    17
                24    24    24    24    10     0     0     0
                 0     0     0     6    24    24    24    24
                24    24    24     0     0     0
ispt( 24) =      0     0    52    73    97   121     0   176
               193   217   241   265   289     0     0     0
                 0     0     0   466   481   505   529   553
               577   601   625   649     0     0
iipe( 24) =      0     0    21    24    24    19     0    17
                24    24    24    24    15     0     0     0
                 0     0     0    15    24    24    24    24
                24    24    24     9     0     0
ispt( 25) =      0    46    49    73    97   121   145   169
               193   217   241   265   289     0     0     0
                 0     0   433   457   481   505   529   553
               577   601   625   649     0     0
iipe( 25) =      0     3    24    24    24    24    24    24
                24    24    24    24    20     0     0     0
                 0     0    24    24    24    24    24    24
                24    24    24    20     0     0
ispt( 26) =      0    25    49    73    97   121   145   169
               193   217   241   265   289   313     0     0
               385   409   433   457   481   505   529   553
               577   601   625   649   673     0
iipe( 26) =      0    24    24    24    24    24    24    24
                24    24    24    24    24    24     0     0
                24    24    24    24    24    24    24    24
                24    24    24    24    24     0

jspt(  1) =      1    25    49    73    97   122   147   172
               197   222   247   272   297   322   347   372
               397   422   447   472   497   522   546   570
               594   618
jjpe(  1) =     24    24    24    24    25    25    25    25
                25    25    25    25    25    25    25    25
                25    25    25    25    25    24    24    24
                24    24
