  npes   npe   mpe   idm   jdm  ibig  jbig  nreg  minsea  maxsea  avesea
   632    24    32   720   641    30    21     2       0     630     466

ispt(  1) =      0     0     0   109   121   151     0     0
                 0     0     0     0     0     0     0     0
                 0     0   545   571   601   631     0     0
iipe(  1) =      0     0     0    12    30    18     0     0
                 0     0     0     0     0     0     0     0
                 0     0    26    30    30    14     0     0
ispt(  2) =      1    50     0    97   121   151     0     0
                 0     0     0     0     0     0     0     0
                 0     0   546   571   601   631   661   691
iipe(  2) =     18    11     0    24    30    30     0     0
                 0     0     0     0     0     0     0     0
                 0     0    25    30    30    30    30    30
ispt(  3) =      1    31    61    98   121   151   181   211
               241   271     0   357   361     0     0     0
                 0     0   541   571   601   631   661   691
iipe(  3) =     30    30    16    23    30    30    30    30
                30    15     0     4     6     0     0     0
                 0     0    30    30    30    30    30    30
ispt(  4) =      1    31    61    91   121   151   181   211
               241   271   301   334   361   391   421   451
               481   511   541   571   601   631   661   691
iipe(  4) =     30    30    30    30    30    30    30    30
                30    30    22    27    30    30    30    30
                30    30    30    30    30    30    30    30
ispt(  5) =      1    31    61    91   121   151   181   211
               241   271   301   331   361   391   421   451
               481   511   541   571   601   631   661   691
iipe(  5) =     30    30    30    30    30    30    30    30
                30    30    30    30    30    30    30    30
                30    30    30    30    30    30    30    30
ispt(  6) =      1    31    61    91   121   151   181   211
               241   271   301   331   361   391   421   451
               481   511   541   571   601   631   661   691
iipe(  6) =     30    30    30    30    30    30    30    30
                30    30    30    30    30    30    30    30
                30    30    30    30    30    30    30    30
ispt(  7) =      1    31    61    91   121   151   181   211
               241   271   301   331   361   391   421   451
               481   511   541   571   601   631   661   691
iipe(  7) =     30    30    30    30    30    30    30    30
                30    30    30    30    30    30    30    30
                30    30    30    30    30    30    30    30
ispt(  8) =      1    31    61    91   121   151   181   211
               241   271   301   331   361   391   421   451
               481   511   541   571   601   631   661   691
iipe(  8) =     30    30    30    30    30    30    30    30
                30    30    30    30    30    30    30    30
                30    30    30    30    30    30    30    30
ispt(  9) =      1    31    61    91   121   151   181   211
               241   271   301   331   361   391   421   451
               481   511   541   571   601   631   661   691
iipe(  9) =     30    30    30    30    30    30    30    30
                30    30    30    30    30    30    30    30
                30    30    30    30    30    30    30    30
ispt( 10) =      1    31    61    97   121   151   181   211
               241   271   301   331   361   391   421   451
               481   511   541   571   601   631   661   691
iipe( 10) =     30    30    18    24    30    30    30    30
                30    30    30    30    30    30    30    30
                30    30    30    30    30    30    30    30
ispt( 11) =      1    31    61   118   121   151   181   211
               241   281   301   331   361   391   421   451
                 0   519   541   571   601   631   661   691
iipe( 11) =     30    30    21     3    30    30    30    30
                16    20    30    30    30    30    30     5
                 0    22    30    30    30    30    30    30
ispt( 12) =      1    31    61     0   133   151   181   211
               241   290   301   331   361   391   421   451
               481   511   541   571   601   631   661   691
iipe( 12) =     30    30    21     0    18    30    30    30
                10    11    30    30    30    30    30    30
                30    30    30    30    30    30    30    30
ispt( 13) =      1    31    61     0   142   151   181   211
               241   298   301   331   361   391   421   451
               481   511   541   571   601   631   661   691
iipe( 13) =     30    30    14     0     9    30    30    30
                 9     3    30    30    30    30    30    30
                30    30    30    30    30    30    30    30
ispt( 14) =      1    31    61     0   146   151   181   211
               241   298   301   331   361   391   421   451
               481   511   541   571   601   631   661   691
iipe( 14) =     30    30     6     0     5    30    30    30
                 9     3    30    30    30    30    30    30
                30    30    30    30    30    30    30    30
ispt( 15) =      1    31    61   118   121   151   181   211
               241   298   301   331   361   391   421   451
               481   511   541   571   601   631   661   691
iipe( 15) =     30    30     3     3    30    30    30    30
                 6     3    30    30    30    30    30    30
                30    30    30    30    30    30    30    30
ispt( 16) =      1    31    61   114   121   151   181   211
               241     0   304   331   361   391   421   451
               481   511   541   571   601   631   661   691
iipe( 16) =     30    30     6     7    30    30    30    30
                 3     0    27    30    30    30    30    30
                30    30    30    30    30    30    30    30
ispt( 17) =      1    31    61    91   121   151   181   211
                 0     0   309   331   361   391   421   451
               481   511   541   571   601   631   661   691
iipe( 17) =     30    30    30    30    30    30    30    30
                 0     0    22    30    30    30    30    30
                30    30    30    30    30    30    30    30
ispt( 18) =      1    31    61    91   121   151   181     0
                 0   298   301   331   361   391   421   451
               481   511   541   571   601   631   661   691
iipe( 18) =     30    30    30    30    30    30    14     0
                 0     3    30    30    30    30    30    30
                30    30    30    30    30    30    30    30
ispt( 19) =      1    31    61    91   121   151   181     0
                 0   294   301   331   361   391   432   451
               481   511   541   571   601   631   661   691
iipe( 19) =     30    30    30    30    30    30     9     0
                 0     7    30    30    30    27    19    30
                30    30    30    30    30    30    30    30
ispt( 20) =      1    31    61    91   121   151   181     0
                 0   287   301   331   361   394   433   451
               481   511   541   571   601   631   661   691
iipe( 20) =     30    30    30    30    30    30    21     0
                 0    14    30    30     7    13    18    30
                30    30    30    30    30    30    30    30
ispt( 21) =      1    31    61    91   121   151   181   211
               241   271   316     0     0     0     0   456
               481   511   541   571   601   631   661   691
iipe( 21) =     30    30    30    30    30    30    30    30
                30    23     8     0     0     0     0    25
                30    30    30    30    30    30    30    30
ispt( 22) =      0     0    68    91   121   151   181   211
               241   271   301     0     0     0     0   455
               481   511   541   571   601   631   661   691
iipe( 22) =      0     0    23    30    30    30    30    30
                30    30     4     0     0     0     0    26
                30    30    30    30    30    30    30     7
ispt( 23) =      0     0    61    91   121   151   181   211
               241   277     0     0     0     0     0     0
               491   511   541   571   601   631   661   691
iipe( 23) =      0     0    30    30    30    30    30    30
                11    24     0     0     0     0     0     0
                20    30    30    30    30    30    30     5
ispt( 24) =      0    50    61    91   121   151   181   211
               241     0     0     0     0     0     0     0
               492   511   541   571   601   631   661   691
iipe( 24) =      0    11    30    30    30    30    30    30
                27     0     0     0     0     0     0     0
                19    30    30    30    30    30    30     3
ispt( 25) =      0    36    61    91   121   151   181   211
               241   271     0     0     0     0     0     0
               498   511   541   571   601   631   661     0
iipe( 25) =      0    25    30    30    30    30    30    30
                30     6     0     0     0     0     0     0
                13    30    30    30    30    30    19     0
ispt( 26) =      0    31    61    91   121   151   181   211
               241   271     0     0     0     0     0     0
                 0     0   546   571   601   631   661     0
iipe( 26) =      0    30    30    30    30    30    30    30
                30     6     0     0     0     0     0     0
                 0     0    25    30    30    30     8     0
ispt( 27) =      0    34    61    91   121   156   181   211
               241   271     0     0     0     0     0     0
               495   511   541   571   601     0     0     0
iipe( 27) =      0    27    30    30    11    25    30    30
                30    21     0     0     0     0     0     0
                16    30    30    30     9     0     0     0
ispt( 28) =      0    41    61    91   121   173   181   211
               241   271     0     0     0     0     0     0
               481   511   541   571   601   631     0     0
iipe( 28) =      0    20    30    30    12     8    30    30
                30    27     0     0     0     0     0     0
                30    30    30    30    30     3     0     0
ispt( 29) =      0     0    61    91   121   178   181   211
               241   271     0     0     0     0     0   466
               481   511   541   571   601   631     0     0
iipe( 29) =      0     0    30    30    12     3    30    30
                30    30     0     0     0     0     0    15
                30    30    30    30    30    17     0     0
ispt( 30) =      0    50    61    91   121   151   181   211
               241   271   301     0     0     0     0   466
               481   511   541   571   601   631     0     0
iipe( 30) =      0    11    30    30    30    30    30    30
                30    30     7     0     0     0     0    15
                30    30    30    30    30    30     0     0
ispt( 31) =      0    47    61    91   121   151   181   211
               241   271   301     0     0   401   428   451
               481   511   541   571   601   631   661     0
iipe( 31) =      0    14    30    30    30    30    30    30
                30    30     8     0     0    16    23    30
                30    30    30    30    30    30    16     0
ispt( 32) =      0    31    61    91   121   151   181   211
               241   271   301     0     0   391   421   451
               481   511   541   571   601   631   661     0
iipe( 32) =      0    30    30    30    30    30    30    30
                30    30    30     0     0    30    30    30
                30    30    30    30    30    30    30     0

jspt(  1) =      1    21    41    61    81   101   121   141
               161   181   201   221   241   261   281   301
               322   342   362   382   402   422   442   462
               482   502   522   542   562   582   602   622
jjpe(  1) =     20    20    20    20    20    20    20    20
                20    20    20    20    20    20    20    21
                20    20    20    20    20    20    20    20
                20    20    20    20    20    20    20    20
