  npes   npe   mpe   idm   jdm  ibig  jbig  nreg  minsea  maxsea  avesea
  1019    30    43   720   641    24    15     2       0     360     289

ispt(  1) =      0     0     0     0   117   121   145     0
                 0     0     0     0     0     0     0     0
                 0     0     0     0     0     0   545   553
               577   601   625     0     0     0
iipe(  1) =      0     0     0     0     4    24    17     0
                 0     0     0     0     0     0     0     0
                 0     0     0     0     0     0     8    24
                24    24    15     0     0     0
ispt(  2) =      1     0     0     0    97   121   145   169
                 0     0     0     0     0     0     0     0
                 0     0     0     0     0     0   545   553
               577   601   625   649     0     0
iipe(  2) =     18     0     0     0    24    24    24     4
                 0     0     0     0     0     0     0     0
                 0     0     0     0     0     0     8    24
                24    24    24    20     0     0
ispt(  3) =      1    37    49    73    97   121   145   169
                 0     0     0     0     0     0     0     0
                 0     0     0     0     0     0   546   553
               577   601   625   649   673   697
iipe(  3) =     18    12    24    24    24    24    24    17
                 0     0     0     0     0     0     0     0
                 0     0     0     0     0     0     7    24
                24    24    24    24    24    24
ispt(  4) =      1    25    49    73    97   121   145   169
               193   217   241   265     0     0   357   361
                 0     0     0     0     0     0   543   553
               577   601   625   649   673   697
iipe(  4) =     24    24    24    24    24    24    24    24
                24    24    24    19     0     0     4     5
                 0     0     0     0     0     0    10    24
                24    24    24    24    24    24
ispt(  5) =      1    25    49    73    97   121   145   169
               193   217   241   265   289     0   344   361
               385     0     0     0     0   509   529   553
               577   601   625   649   673   697
iipe(  5) =     24    24    24    24    24    24    24    24
                24    24    24    24    24     0    17    24
                 3     0     0     0     0    20    24    24
                24    24    24    24    24    24
ispt(  6) =      1    25    49    73    97   121   145   169
               193   217   241   265   289   313   337   361
               385   409   433   457   481   505   529   553
               577   601   625   649   673   697
iipe(  6) =     24    24    24    24    24    24    24    24
                24    24    24    24    24    24    24    24
                24    24    24    24    24    24    24    24
                24    24    24    24    24    24
ispt(  7) =      1    25    49    73    97   121   145   169
               193   217   241   265   289   313   337   361
               385   409   433   457   481   505   529   553
               577   601   625   649   673   697
iipe(  7) =     24    24    24    24    24    24    24    24
                24    24    24    24    24    24    24    24
                24    24    24    24    24    24    24    24
                24    24    24    24    24    24
ispt(  8) =      1    25    49    73    97   121   145   169
               193   217   241   265   289   313   337   361
               385   409   433   457   481   505   529   553
               577   601   625   649   673   697
iipe(  8) =     24    24    24    24    24    24    24    24
                24    24    24    24    24    24    24    24
                24    24    24    24    24    24    24    24
                24    24    24    24    24    24
ispt(  9) =      1    25    49    73    97   121   145   169
               193   217   241   265   289   313   337   361
               385   409   433   457   481   505   529   553
               577   601   625   649   673   697
iipe(  9) =     24    24    24    24    24    24    24    24
                24    24    24    24    24    24    24    24
                24    24    24    24    24    24    24    24
                24    24    24    24    24    24
ispt( 10) =      1    25    49    73    97   121   145   169
               193   217   241   265   289   313   337   361
               385   409   433   457   481   505   529   553
               577   601   625   649   673   697
iipe( 10) =     24    24    24    24    24    24    24    24
                24    24    24    24    24    24    24    24
                24    24    24    24    24    24    24    24
                24    24    24    24    24    24
ispt( 11) =      1    25    49    73    97   121   145   169
               193   217   241   265   289   313   337   361
               385   409   433   457   481   505   529   553
               577   601   625   649   673   697
iipe( 11) =     24    24    24    24    24    24    24    24
                24    24    24    24    24    24    24    24
                24    24    24    24    24    24    24    24
                24    24    24    24    24    24
ispt( 12) =      1    25    49    73    97   121   145   169
               193   217   241   265   289   313   337   361
               385   409   433   457   481   505   529   553
               577   601   625   649   673   697
iipe( 12) =     24    24    24    24    24    24    24    24
                24    24    24    24    24    24    24    24
                24    24    24    24    24    24    24    24
                24    24    24    24    24    24
ispt( 13) =      1    25    49    73    97   121   145   169
               193   217   241   265   289   313   337   361
               385   409   433   457   481   505   529   553
               577   601   625   649   673   697
iipe( 13) =     24    24    24    24    24    24    24    24
                24    24    24    24    24    24    24    24
                24    24    24    24    24    24    24    24
                24    24    24    24    24    24
ispt( 14) =      1    25    49    73   114   121   145   169
               193   217   241   274   289   313   337   361
               385   409   433   468   481   523   529   553
               577   601   625   649   673   697
iipe( 14) =     24    24    24     8     7    24    24    24
                24    24    18    15    24    24    24    24
                24    24    20    13    15     6    24    24
                24    24    24    24    24    24
ispt( 15) =      1    25    49    73     0   121   145   169
               193   217   241   286   289   313   337   361
               385   409   433   457     0   516   529   553
               577   601   625   649   673   697
iipe( 15) =     24    24    24     9     0    24    24    24
                24    24    11     3    24    24    24    24
                24    24    24     7     0    13    24    24
                24    24    24    24    24    24
ispt( 16) =      1    25    49    73     0   138   145   169
               193   217   241     0   289   313   337   361
               385   409   433   457   493   505   529   553
               577   601   625   649   673   697
iipe( 16) =     24    24    24     9     0     7    24    24
                24    24     8     0    24    24    24    24
                24    24    24    14    12    24    24    24
                24    24    24    24    24    24
ispt( 17) =      1    25    49    73     0   142   145   169
               193   217   241     0   299   313   337   361
               385   409   433   457   481   505   529   553
               577   601   625   649   673   697
iipe( 17) =     24    24    24     3     0     3    24    24
                24    24     9     0    14    24    24    24
                24    24    24    24    24    24    24    24
                24    24    24    24    24    24
ispt( 18) =      1    25    49     0     0   142   145   169
               193   217   241     0   299   313   337   361
               385   409   433   457   481   505   529   553
               577   601   625   649   673   697
iipe( 18) =     24    24    19     0     0     3    24    24
                24    24     9     0    14    24    24    24
                24    24    24    24    24    24    24    24
                24    24    24    24    24    24
ispt( 19) =      1    25    49     0     0   142   145   169
               193   217   241     0   298   313   337   361
               385   409   433   457   481   505   529   553
               577   601   625   649   673   697
iipe( 19) =     24    24    15     0     0     3    24    24
                24    24     8     0    15    24    24    24
                24    24    24    24    24    24    24    24
                24    24    24    24    24    24
ispt( 20) =      1    25    49     0     0   121   145   169
               193   217   241     0   298   313   337   361
               385   409   433   457   481   505   529   553
               577   601   625   649   673   697
iipe( 20) =     24    24    13     0     0    24    24    24
                24    24     5     0    15    24    24    24
                24    24    24    24    24    24    24    24
                24    24    24    24    24    24
ispt( 21) =      1    25    49     0   118   121   145   169
               193   217   241     0   304   313   337   361
               385   409   433   457   481   505   529   553
               577   601   625   649   673   697
iipe( 21) =     24    24    18     0     3    24    24    24
                24    24     3     0     9    24    24    24
                24    24    24    24    24    24    24    24
                24    24    24    24    24    24
ispt( 22) =      1    25    49     0   103   121   145   169
               193   217   241     0   310   313   337   361
               385   409   433   457   481   505   529   553
               577   601   625   649   673   697
iipe( 22) =     24    24    18     0    18    24    24    24
                24    24     3     0     3    24    24    24
                24    24    24    24    24    24    24    24
                24    24    24    24    24    24
ispt( 23) =      1    25    49    73    97   121   145   169
               193     0     0     0   307   313   337   361
               385   409   433   457   481   505   529   553
               577   601   625   649   673   697
iipe( 23) =     24    24    24    24    24    24    24    24
                 7     0     0     0     6    24    24    24
                24    24    24    24    24    24    24    24
                24    24    24    24    24    24
ispt( 24) =      1    25    49    73    97   121   145   169
                 0     0     0     0   300   313   337   361
               385   409   433   457   481   505   529   553
               577   601   625   649   673   697
iipe( 24) =     24    24    24    24    24    24    24    24
                 0     0     0     0    13    24    24    24
                24    24    24    24    24    24    24    24
                24    24    24    24    24    24
ispt( 25) =      1    25    49    73    97   121   145   169
                 0     0     0     0   295   317   337   361
               385   409   433   457   481   505   529   553
               577   601   625   649   673   697
iipe( 25) =     24    24    24    24    24    24    24    21
                 0     0     0     0    13    20    24    24
                24    24    24    24    24    24    24    24
                24    24    24    24    24    24
ispt( 26) =      1    25    49    73    97   121   145   169
                 0     0     0     0   289   322   337   361
               388   409   433   457   481   505   529   553
               577   601   625   649   673   697
iipe( 26) =     24    24    24    24    24    24    24    24
                 0     0     0     0    16    15    24     7
                21    24    24    24    24    24    24    24
                24    24    24    24    24    24
ispt( 27) =      1    25    49    73    97   121   145   169
               193     0   252   270   289   316   337     0
                 0     0   454   457   481   505   529   553
               577   601   625   649   673   697
iipe( 27) =     24    24    24    24    24    24    24    24
                 9     0    10    19    10    21    24     0
                 0     0     3    24    24    24    24    24
                24    24    24    24    24    24
ispt( 28) =      0    30    49    73    97   121   145   169
               193   217   241   265   289     0     0     0
                 0     0     0   457   481   505   529   553
               577   601   625   649   673   697
iipe( 28) =      0    19    24    24    24    24    24    24
                24    24    24    24     5     0     0     0
                 0     0     0    24    24    24    24    24
                24    24    24    24    24    20
ispt( 29) =      0     0    68    73    97   121   145   169
               193   217   241   265   289     0     0     0
                 0     0   454   457   481   505   529   553
               577   601   625   649   673   697
iipe( 29) =      0     0     5    24    24    24    24    24
                24    24    24    24    16     0     0     0
                 0     0     3    24    24    24    24    24
                24    24    24    24    24     3
ispt( 30) =      0     0     0    78    97   121   145   169
               193   217   241   276   289     0     0     0
                 0     0     0   478   481   505   529   553
               577   601   625   649   673     0
iipe( 30) =      0     0     0    19    24    24    24    24
                24    24    20    13    16     0     0     0
                 0     0     0     3    24    24    24    24
                24    24    24    24    24     0
ispt( 31) =      0     0    59    84    97   121   145   169
               193   217     0     0     0     0     0     0
                 0     0     0     0   497   505   529   553
               577   601   625   649   673     0
iipe( 31) =      0     0     6    13    24    24    24    24
                24    16     0     0     0     0     0     0
                 0     0     0     0     8    24    24    24
                24    24    24    24    24     0
ispt( 32) =      0     0    52     0   100   121   145   169
               193   217   241     0     0     0     0     0
                 0     0     0     0   492   505   529   553
               577   601   625   649   673     0
iipe( 32) =      0     0    17     0    21    24    24    24
                24    24    24     0     0     0     0     0
                 0     0     0     0    13    24    24    24
                24    24    24    24    14     0
ispt( 33) =      0    37    49    73    97   121   145   169
               193   217   241   265     0     0     0     0
                 0     0     0     0   496   505   529   553
               577   601   625   649   673     0
iipe( 33) =      0    12    24    24    24    24    24    24
                24    24    24     9     0     0     0     0
                 0     0     0     0     9    24    24    24
                24    24    24    24     7     0
ispt( 34) =      0    33    49    73    97   121   145   169
               193   217   251   265     0     0     0     0
                 0     0     0     0     0     0   529   553
               577   601   625   649   673     0
iipe( 34) =      0    16    24    24    24    24    24    24
                24    20    14    12     0     0     0     0
                 0     0     0     0     0     0    24    24
                24    24    24    24     3     0
ispt( 35) =      0    33    49    73    97   121   145   169
               193   217   241     0     0     0     0     0
                 0     0     0     0     0     0     0   558
               577   601     0     0     0     0
iipe( 35) =      0    16    24    24    24    24    24    24
                24    24    24     0     0     0     0     0
                 0     0     0     0     0     0     0    19
                24    13     0     0     0     0
ispt( 36) =      0    34    49    73    97   121   157   169
               193   217   241   265   289     0     0     0
                 0     0     0     0     0   525   529   553
               577   601     0     0     0     0
iipe( 36) =      0    15    24    24    24    11    12    24
                24    24    24    24     3     0     0     0
                 0     0     0     0     0     4    24    24
                24     9     0     0     0     0
ispt( 37) =      0    41    49    73   100   121     0   169
               193   217   241   265   289     0     0     0
                 0     0     0     0   493   505   529   553
               577   601     0     0     0     0
iipe( 37) =      0     8    24    19    21    12     0    24
                24    24    24    24     6     0     0     0
                 0     0     0     0    12    24    24    24
                24    18     0     0     0     0
ispt( 38) =      0     0    58    73   100   121     0   179
               193   217   241   265   289     0     0     0
                 0     0     0   475   481   505   529   553
               577   601   625     0     0     0
iipe( 38) =      0     0    15    19    21    12     0    14
                24    24    24    24    10     0     0     0
                 0     0     0     6    24    24    24    24
                24    24    24     0     0     0
ispt( 39) =      0     0    65    73   100   121     0   179
               193   217   241   265   289     0     0     0
                 0     0     0   466   481   505   529   553
               577   601   625   649     0     0
iipe( 39) =      0     0     8    18    21    12     0    14
                24    24    24    24    10     0     0     0
                 0     0     0    15    24    24    24    24
                24    24    24     3     0     0
ispt( 40) =      0     0    49    73    97   121   145   176
               193   217   241   265   289     0     0     0
                 0     0     0   469   481   505   529   553
               577   601   625   649     0     0
iipe( 40) =      0     0    24    24    24    24    17    17
                24    24    24    24    16     0     0     0
                 0     0     0    12    24    24    24    24
                24    24    24    11     0     0
ispt( 41) =      0    46    49    73    97   121   145   169
               193   217   241   265   289     0     0     0
                 0     0   433   457   481   505   529   553
               577   601   625   649     0     0
iipe( 41) =      0     3    24    24    24    24    24    24
                24    24    24    24    20     0     0     0
                 0     0    24    24    24    24    24    24
                24    24    24    18     0     0
ispt( 42) =      0    46    49    73    97   121   145   169
               193   217   241   265   289     0     0     0
               395   409   433   457   481   505   529   553
               577   601   625   649   673     0
iipe( 42) =      0     3    24    24    24    24    24    24
                24    24    24    24    21     0     0     0
                14    24    24    24    24    24    24    24
                24    24    24    24     5     0
ispt( 43) =      0    25    49    73    97   121   145   169
               193   217   241   265   289   313     0     0
               385   409   433   457   481   505   529   553
               577   601   625   649   673     0
iipe( 43) =      0    24    24    24    24    24    24    24
                24    24    24    24    24    24     0     0
                24    24    24    24    24    24    24    24
                24    24    24    24    24     0

jspt(  1) =      1    15    30    45    60    75    90   105
               120   135   150   165   180   195   210   225
               240   255   270   285   300   315   330   345
               360   375   390   405   420   435   450   465
               480   495   510   525   540   555   570   585
               600   614   628
jjpe(  1) =     14    15    15    15    15    15    15    15
                15    15    15    15    15    15    15    15
                15    15    15    15    15    15    15    15
                15    15    15    15    15    15    15    15
                15    15    15    15    15    15    15    15
                14    14    14
