  npes   npe   mpe   idm   jdm  ibig  jbig  nreg  minsea  maxsea  avesea
  1517    48    41   720   641    15    16     2       0     240     194

ispt(  1) =      0     0     0     0     0     0     0   116
               121   136   151     0     0     0     0     0
                 0     0     0     0     0     0     0     0
                 0     0     0     0     0     0     0     0
                 0     0     0     0   545   556   571   586
               601   616   631     0     0     0     0     0
iipe(  1) =      0     0     0     0     0     0     0     5
                15    15    12     0     0     0     0     0
                 0     0     0     0     0     0     0     0
                 0     0     0     0     0     0     0     0
                 0     0     0     0    11    15    15    15
                15    15    10     0     0     0     0     0
ispt(  2) =      1    16     0     0     0     0    97   106
               121   136   151   166     0     0     0     0
                 0     0     0     0     0     0     0     0
                 0     0     0     0     0     0     0     0
                 0     0     0     0   545   556   571   586
               601   616   631   646   661     0     0     0
iipe(  2) =     15     3     0     0     0     0     9    15
                15    15    15     7     0     0     0     0
                 0     0     0     0     0     0     0     0
                 0     0     0     0     0     0     0     0
                 0     0     0     0    11    15    15    15
                15    15    15    15    15     0     0     0
ispt(  3) =      1    16    31    46    61    76    97   106
               121   136   151   166   181     0     0     0
                 0     0     0     0     0     0     0     0
                 0     0     0     0     0     0     0     0
                 0     0     0     0   546   556   571   586
               601   616   631   646   661   676   691   706
iipe(  3) =     15    15    15    15    15     3     9    15
                15    15    15    15     8     0     0     0
                 0     0     0     0     0     0     0     0
                 0     0     0     0     0     0     0     0
                 0     0     0     0    10    15    15    15
                15    15    15    15    15    15    15    15
ispt(  4) =      1    16    31    46    61    76    99   106
               121   136   151   166   181   196   211   226
               241   256   271     0     0     0     0   357
               361     0     0     0     0     0     0     0
                 0     0     0     0   541   556   571   586
               601   616   631   646   661   676   691   706
iipe(  4) =     15    15    15    15    15     3     7    15
                15    15    15    15    15    15    15    15
                15    15    15     0     0     0     0     4
                 6     0     0     0     0     0     0     0
                 0     0     0     0    15    15    15    15
                15    15    15    15    15    15    15    15
ispt(  5) =      1    16    31    46    61    76    97   106
               121   136   151   166   181   196   211   226
               241   256   271   286   301   316   340   346
               361   376     0     0     0     0   451     0
                 0   508   511   526   541   556   571   586
               601   616   631   646   661   676   691   706
iipe(  5) =     15    15    15    15    15    12     9    15
                15    15    15    15    15    15    15    15
                15    15    15    15    15     3     6    15
                15    12     0     0     0     0     3     0
                 0     3    15    15    15    15    15    15
                15    15    15    15    15    15    15    15
ispt(  6) =      1    16    31    46    61    76    91   106
               121   136   151   166   181   196   211   226
               241   256   271   286   301   316   331   346
               361   376   391   406   421   436   451   466
               481   496   511   526   541   556   571   586
               601   616   631   646   661   676   691   706
iipe(  6) =     15    15    15    15    15    15    15    15
                15    15    15    15    15    15    15    15
                15    15    15    15    15    15    15    15
                15    15    15    15    15    15    15    15
                15    15    15    15    15    15    15    15
                15    15    15    15    15    15    15    15
ispt(  7) =      1    16    31    46    61    76    91   106
               121   136   151   166   181   196   211   226
               241   256   271   286   301   316   331   346
               361   376   391   406   421   436   451   466
               481   496   511   526   541   556   571   586
               601   616   631   646   661   676   691   706
iipe(  7) =     15    15    15    15    15    15    15    15
                15    15    15    15    15    15    15    15
                15    15    15    15    15    15    15    15
                15    15    15    15    15    15    15    15
                15    15    15    15    15    15    15    15
                15    15    15    15    15    15    15    15
ispt(  8) =      1    16    31    46    61    76    91   106
               121   136   151   166   181   196   211   226
               241   256   271   286   301   316   331   346
               361   376   391   406   421   436   451   466
               481   496   511   526   541   556   571   586
               601   616   631   646   661   676   691   706
iipe(  8) =     15    15    15    15    15    15    15    15
                15    15    15    15    15    15    15    15
                15    15    15    15    15    15    15    15
                15    15    15    15    15    15    15    15
                15    15    15    15    15    15    15    15
                15    15    15    15    15    15    15    15
ispt(  9) =      1    16    31    46    61    76    91   106
               121   136   151   166   181   196   211   226
               241   256   271   286   301   316   331   346
               361   376   391   406   421   436   451   466
               481   496   511   526   541   556   571   586
               601   616   631   646   661   676   691   706
iipe(  9) =     15    15    15    15    15    15    15    15
                15    15    15    15    15    15    15    15
                15    15    15    15    15    15    15    15
                15    15    15    15    15    15    15    15
                15    15    15    15    15    15    15    15
                15    15    15    15    15    15    15    15
ispt( 10) =      1    16    31    46    61    76    91   106
               121   136   151   166   181   196   211   226
               241   256   271   286   301   316   331   346
               361   376   391   406   421   436   451   466
               481   496   511   526   541   556   571   586
               601   616   631   646   661   676   691   706
iipe( 10) =     15    15    15    15    15    15    15    15
                15    15    15    15    15    15    15    15
                15    15    15    15    15    15    15    15
                15    15    15    15    15    15    15    15
                15    15    15    15    15    15    15    15
                15    15    15    15    15    15    15    15
ispt( 11) =      1    16    31    46    61    76    91   106
               121   136   151   166   181   196   211   226
               241   256   271   286   301   316   331   346
               361   376   391   406   421   436   451   466
               481   496   511   526   541   556   571   586
               601   616   631   646   661   676   691   706
iipe( 11) =     15    15    15    15    15    15    15    15
                15    15    15    15    15    15    15    15
                15    15    15    15    15    15    15    15
                15    15    15    15    15    15    15    15
                15    15    15    15    15    15    15    15
                15    15    15    15    15    15    15    15
ispt( 12) =      1    16    31    46    61    76    91   106
               121   136   151   166   181   196   211   226
               241   256   271   286   301   316   331   346
               361   376   391   406   421   436   451   466
               481   496   511   526   541   556   571   586
               601   616   631   646   661   676   691   706
iipe( 12) =     15    15    15    15    15    15    15    15
                15    15    15    15    15    15    15    15
                15    15    15    15    15    15    15    15
                15    15    15    15    15    15    15    15
                15    15    15    15    15    15    15    15
                15    15    15    15    15    15    15    15
ispt( 13) =      1    16    31    46    61    76     0   106
               121   136   151   166   181   196   211   226
               241   256   271   286   301   316   331   346
               361   376   391   406   421   436   451   466
               481   496   520   526   541   556   571   586
               601   616   631   646   661   676   691   706
iipe( 13) =     15    15    15    15    15     3     0    15
                15    15    15    15    15    15    15    15
                15    15    15    15    15    15    15    15
                15    15    15    15    15    15    15    15
                15     5     6    15    15    15    15    15
                15    15    15    15    15    15    15    15
ispt( 14) =      1    16    31    46    61    76     0   118
               121   136   151   166   181   196   211   226
               241   256   281   286   301   316   331   346
               361   376   391   406   421   436   451     0
                 0     0   520   526   541   556   571   586
               601   616   631   646   661   676   691   706
iipe( 14) =     15    15    15    15    15     5     0     3
                15    15    15    15    15    15    15    15
                15     3     5    15    15    15    15    15
                15    15    15    15    15    15     3     0
                 0     0     6    15    15    15    15    15
                15    15    15    15    15    15    15    15
ispt( 15) =      1    16    31    46    61    76     0     0
               128   136   151   166   181   196   211   226
               241     0     0   290   301   316   331   346
               361   376   391   406   421   436   451   466
                 0   496   511   526   541   556   571   586
               601   616   631   646   661   676   691   706
iipe( 15) =     15    15    15    15    15     6     0     0
                 8    15    15    15    15    15    15    15
                10     0     0    11    15    15    15    15
                15    15    15    15    15    15    15     3
                 0    15    15    15    15    15    15    15
                15    15    15    15    15    15    15    15
ispt( 16) =      1    16    31    46    61    76     0     0
                 0   141   151   166   181   196   211   226
               241     0     0   293   301   316   331   346
               361   376   391   406   421   436   451   466
               481   496   511   526   541   556   571   586
               601   616   631   646   661   676   691   706
iipe( 16) =     15    15    15    15    15     5     0     0
                 0    10    15    15    15    15    15    15
                 7     0     0     8    15    15    15    15
                15    15    15    15    15    15    15    15
                15    15    15    15    15    15    15    15
                15    15    15    15    15    15    15    15
ispt( 17) =      1    16    31    46    61     0     0     0
                 0   142   151   166   181   196   211   226
               241     0     0   298   301   316   331   346
               361   376   391   406   421   436   451   466
               481   496   511   526   541   556   571   586
               601   616   631   646   661   676   691   706
iipe( 17) =     15    15    15    15     8     0     0     0
                 0     9    15    15    15    15    15    15
                 9     0     0     3    15    15    15    15
                15    15    15    15    15    15    15    15
                15    15    15    15    15    15    15    15
                15    15    15    15    15    15    15    15
ispt( 18) =      1    16    31    46    61     0     0     0
                 0   145   151   166   181   196   211   226
               241     0     0   298   301   316   331   346
               361   376   391   406   421   436   451   466
               481   496   511   526   541   556   571   586
               601   616   631   646   661   676   691   706
iipe( 18) =     15    15    15    15     4     0     0     0
                 0     6    15    15    15    15    15    15
                 8     0     0     3    15    15    15    15
                15    15    15    15    15    15    15    15
                15    15    15    15    15    15    15    15
                15    15    15    15    15    15    15    15
ispt( 19) =      1    16    31    46    61     0     0     0
               121   136   151   166   181   196   211   226
               241     0     0   298   301   316   331   346
               361   376   391   406   421   436   451   466
               481   496   511   526   541   556   571   586
               601   616   631   646   661   676   691   706
iipe( 19) =     15    15    15    15     3     0     0     0
                15    15    15    15    15    15    15    15
                 5     0     0     3    15    15    15    15
                15    15    15    15    15    15    15    15
                15    15    15    15    15    15    15    15
                15    15    15    15    15    15    15    15
ispt( 20) =      1    16    31    46    61     0     0   118
               121   136   151   166   181   196   211   226
               241     0     0     0   301   316   331   346
               361   376   391   406   421   436   451   466
               481   496   511   526   541   556   571   586
               601   616   631   646   661   676   691   706
iipe( 20) =     15    15    15    15     6     0     0     3
                15    15    15    15    15    15    15    15
                 3     0     0     0    15    15    15    15
                15    15    15    15    15    15    15    15
                15    15    15    15    15    15    15    15
                15    15    15    15    15    15    15    15
ispt( 21) =      1    16    31    46    61     0   103   106
               121   136   151   166   181   196   211   226
               241     0     0     0   312   316   331   346
               361   376   391   406   421   436   451   466
               481   496   511   526   541   556   571   586
               601   616   631   646   661   676   691   706
iipe( 21) =     15    15    15    15     6     0     3    15
                15    15    15    15    15    15    15    15
                 3     0     0     0     4    15    15    15
                15    15    15    15    15    15    15    15
                15    15    15    15    15    15    15    15
                15    15    15    15    15    15    15    15
ispt( 22) =      1    16    31    46    61    76    91   106
               121   136   151   166   181   196   223   226
                 0     0     0     0   307   316   331   346
               361   376   391   406   421   436   451   466
               481   496   511   526   541   556   571   586
               601   616   631   646   661   676   691   706
iipe( 22) =     15    15    15    15    15    15    15    15
                15    15    15    15    15     4     3     5
                 0     0     0     0     9    15    15    15
                15    15    15    15    15    15    15    15
                15    15    15    15    15    15    15    15
                15    15    15    15    15    15    15    15
ispt( 23) =      1    16    31    46    61    76    91   106
               121   136   151   166   181     0     0     0
                 0     0     0   298   301   316   331   346
               361   376   391   406   421   436   451   466
               481   496   511   526   541   556   571   586
               601   616   631   646   661   676   691   706
iipe( 23) =     15    15    15    15    15    15    15    15
                15    15    15    15    12     0     0     0
                 0     0     0     3    15    15    15    15
                15    15    15    15    15    15    15    15
                15    15    15    15    15    15    15    15
                15    15    15    15    15    15    15    15
ispt( 24) =      1    16    31    46    61    76    91   106
               121   136   151   166   181     0     0     0
                 0     0     0   294   301   319   331   346
               361   380   391   406   432   436   451   466
               481   496   511   526   541   556   571   586
               601   616   631   646   661   676   691   706
iipe( 24) =     15    15    15    15    15    15    15    15
                15    15    15    15     9     0     0     0
                 0     0     0     7     7    12    15    15
                10    11    15    12     4    15    15    15
                15    15    15    15    15    15    15    15
                15    15    15    15    15    15    15    15
ispt( 25) =      1    24    31    46    61    76    91   106
               121   136   151   166   181     0     0     0
                 0     0     0   286   301   320   331   346
               361   388   391   406   432   436   451   466
               481   496   511   526   541   556   571   586
               601   616   631   646   661   676   691   706
iipe( 25) =     12     7    15    15    15    15    15    15
                15    15    15    15    15     0     0     0
                 0     0     0    15     3    11    15    15
                 7     3    15     3     4    15    15    15
                15    15    15    15    15    15    15    15
                15    15    15    15    15    15    15    15
ispt( 26) =      1    25    31    46    61    76    91   106
               121   136   151   166   181   196     0     0
               241   256   271   286     0   316   331   346
                 0     0     0     0     0     0   458   466
               481   496   511   526   541   556   571   586
               601   616   631   646   661   676   691   706
iipe( 26) =      5     6    15    15    15    15    15    15
                15    15    15    15    15    12     0     0
                15    15    15    10     0    15    15     9
                 0     0     0     0     0     0     8    15
                15    15    15    15    15    15    15    15
                15    15    15    15    15    15    15    15
ispt( 27) =      0     0     0    58    61    76    91   106
               121   136   151   166   181   196   211   226
               241   256   271   286     0     0     0     0
                 0     0     0     0     0     0   455   466
               481   496   511   526   541   556   571   586
               601   616   631   646   661   676   691   706
iipe( 27) =      0     0     0     3    15    15    15    15
                15    15    15    15    15    15    15    15
                15    15    15     8     0     0     0     0
                 0     0     0     0     0     0    11    15
                15    15    15    15    15    15    15    15
                15    15    15    15    15    15    15     8
ispt( 28) =      0     0     0     0    70    76    91   106
               121   136   151   166   181   196   211   226
               241   256   271   286   301     0     0     0
                 0     0     0     0     0     0   455   466
               481   496   511   526   541   556   571   586
               601   616   631   646   661   676   691     0
iipe( 28) =      0     0     0     0     6    15    15    15
                15    15    15    15    15    15    15    15
                15    15    15    15     4     0     0     0
                 0     0     0     0     0     0    11    15
                15    15    15    15    15    15    15    15
                15    15    15    15    15    15     5     0
ispt( 29) =      0     0     0     0     0    82    91   106
               121   136   151   166   181   196   211   226
               241     0   277   286     0     0     0     0
                 0     0     0     0     0     0     0     0
               491   496   511   526   541   556   571   586
               601   616   631   646   661   676   691     0
iipe( 29) =      0     0     0     0     0     9    15    15
                15    15    15    15    15    15    15    15
                11     0     9    15     0     0     0     0
                 0     0     0     0     0     0     0     0
                 5    15    15    15    15    15    15    15
                15    15    15    15    15    15     5     0
ispt( 30) =      0     0     0    56    61    84    91   106
               121   136   151   166   181   196   211   226
               241   256     0     0     0     0     0     0
                 0     0     0     0     0     0     0     0
               492   496   511   526   541   556   571   586
               601   616   631   646   661   676   691     0
iipe( 30) =      0     0     0     5     4     7    15    15
                15    15    15    15    15    15    15    15
                15     6     0     0     0     0     0     0
                 0     0     0     0     0     0     0     0
                 4    15    15    15    15    15    15    15
                15    15    15    15    15    15     5     0
ispt( 31) =      0     0    43    46    61    88    91   106
               121   136   151   166   181   196   211   226
               241   256     0     0     0     0     0     0
                 0     0     0     0     0     0     0     0
               492   496   511   526   541   556   571   586
               601   616   631   646   661   676     0     0
iipe( 31) =      0     0     3    15    10     3    15    15
                15    15    15    15    15    15    15    15
                15    15     0     0     0     0     0     0
                 0     0     0     0     0     0     0     0
                 4    15    15    15    15    15    15    15
                15    15    15    15    15     7     0     0
ispt( 32) =      0     0    31    46    61    83    91   106
               121   136   151   166   181   196   211   226
               241   256   271     0     0     0     0     0
                 0     0     0     0     0     0     0     0
                 0   505   511   526   541   556   571   586
               601   616   631   646   661     0     0     0
iipe( 32) =      0     0    15    15    10     8    15    15
                15    15    15    15    15    15    15    15
                15    15     6     0     0     0     0     0
                 0     0     0     0     0     0     0     0
                 0     6    15    15    15    15    15    15
                15    15    15    15    15     0     0     0
ispt( 33) =      0     0    31    46    61    76    91   106
               121   139   151   166   181   196   211   226
               241   256   271     0     0     0     0     0
                 0     0     0     0     0     0     0     0
                 0     0     0     0     0     0   571   586
               601     0   631   646     0     0     0     0
iipe( 33) =      0     0    15    15    15    15    15    15
                 5    12    15    15    15    15    15    15
                15    15     3     0     0     0     0     0
                 0     0     0     0     0     0     0     0
                 0     0     0     0     0     0    15    15
                15     0    15    15     0     0     0     0
ispt( 34) =      0     0    34    46    61    76    94   106
               121     0   156   166   181   196   211   226
               241   256   275   286     0     0     0     0
                 0     0     0     0     0     0     0     0
                 0     0     0   526   541   556   571   586
               601     0     0     0     0     0     0     0
iipe( 34) =      0     0    12    15    15    10    12    15
                11     0    10    15    15    15    15    15
                15     8    11     6     0     0     0     0
                 0     0     0     0     0     0     0     0
                 0     0     0    15    15    15    15    15
                 9     0     0     0     0     0     0     0
ispt( 35) =      0     0    39    46    61    76    91   106
               121     0     0   171   181   196   211   226
               241     0   271   286     0     0     0     0
                 0     0     0     0     0     0     0     0
               493   496   511   526   541   556   571   586
               601     0     0     0     0     0     0     0
iipe( 35) =      0     0     7    15    15    15    15    15
                12     0     0    10    15    15    15    15
                10     0    15     8     0     0     0     0
                 0     0     0     0     0     0     0     0
                 3    15    15    15    15    15    15    15
                 7     0     0     0     0     0     0     0
ispt( 36) =      0     0     0    56    61    76    91   106
               121     0     0   178   181   196   211   226
               241   256   271   286     0     0     0     0
                 0     0     0     0     0     0     0   478
               481   496   511   526   541   556   571   586
               601   616   631     0     0     0     0     0
iipe( 36) =      0     0     0     5    15    15    15    15
                12     0     0     3    15    15    15    15
                15    15    15    15     0     0     0     0
                 0     0     0     0     0     0     0     3
                15    15    15    15    15    15    15    15
                15    15    15     0     0     0     0     0
ispt( 37) =      0     0     0     0    65    76    91   106
               121     0     0   178   181   196   211   226
               241   256   271   286     0     0     0     0
                 0     0     0     0     0     0     0   466
               481   496   511   526   541   556   571   586
               601   616   631   646     0     0     0     0
iipe( 37) =      0     0     0     0    11    15    15    15
                12     0     0     3    15    15    15    15
                15    15    15    15     0     0     0     0
                 0     0     0     0     0     0     0    15
                15    15    15    15    15    15    15    15
                15    15    15     3     0     0     0     0
ispt( 38) =      0     0     0    52    61    76    91   106
               121   136     0   176   181   196   211   226
               241   256   271   286   301     0     0     0
                 0     0     0     0     0     0     0   470
               481   496   511   526   541   556   571   586
               601   616   631   646     0     0     0     0
iipe( 38) =      0     0     0     9    15    15    15    15
                15     5     0     5    15    15    15    15
                15    15    15    15     3     0     0     0
                 0     0     0     0     0     0     0    11
                15    15    15    15    15    15    15    15
                15    15    15    15     0     0     0     0
ispt( 39) =      0     0     0    46    61    76    91   106
               121   136   151   166   181   196   211   226
               241   256   271   286   301     0     0     0
                 0     0     0     0   433   436   451   466
               481   496   511   526   541   556   571   586
               601   616   631   646   661     0     0     0
iipe( 39) =      0     0     0    15    15    15    15    15
                15    15    15    15    15    15    15    15
                15    15    15    15     8     0     0     0
                 0     0     0     0     3    15    15    15
                15    15    15    15    15    15    15    15
                15    15    15    15     5     0     0     0
ispt( 40) =      0     0     0    46    61    76    91   106
               121   136   151   166   181   196   211   226
               241   256   271   286   301     0     0     0
                 0     0   397   406   421   436   451   466
               481   496   511   526   541   556   571   586
               601   616   631   646   661   676     0     0
iipe( 40) =      0     0     0    15    15    15    15    15
                15    15    15    15    15    15    15    15
                15    15    15    15     8     0     0     0
                 0     0     9    15    15    15    15    15
                15    15    15    15    15    15    15    15
                15    15    15    15    15     3     0     0
ispt( 41) =      0     0    31    46    61    76    91   106
               121   136   151   166   181   196   211   226
               241   256   271   286   301   316     0     0
                 0     0   391   406   421   436   451   466
               481   496   511   526   541   556   571   586
               601   616   631   646   661   676     0     0
iipe( 41) =      0     0    15    15    15    15    15    15
                15    15    15    15    15    15    15    15
                15    15    15    15    15    15     0     0
                 0     0    15    15    15    15    15    15
                15    15    15    15    15    15    15    15
                15    15    15    15    15    15     0     0

jspt(  1) =      1    16    31    46    61    76    91   106
               122   138   154   170   186   202   218   234
               250   266   282   298   314   330   346   362
               378   394   410   426   442   458   474   490
               506   522   537   552   567   582   597   612
               627
jjpe(  1) =     15    15    15    15    15    15    15    16
                16    16    16    16    16    16    16    16
                16    16    16    16    16    16    16    16
                16    16    16    16    16    16    16    16
                16    15    15    15    15    15    15    15
                15
