  npes   npe   mpe   idm   jdm  ibig  jbig  nreg  minsea  maxsea  avesea
   749    30    31   720   641    24    21     2       0     504     393

ispt(  1) =      0     0     0     0   109   121   145     0
                 0     0     0     0     0     0     0     0
                 0     0     0     0     0     0   545   553
               577   601   625     0     0     0
iipe(  1) =      0     0     0     0    12    24    24     0
                 0     0     0     0     0     0     0     0
                 0     0     0     0     0     0     8    24
                24    24    20     0     0     0
ispt(  2) =      1     0    49     0    97   121   145   169
                 0     0     0     0     0     0     0     0
                 0     0     0     0     0     0   546   553
               577   601   625   649   673   697
iipe(  2) =     18     0    11     0    24    24    24    12
                 0     0     0     0     0     0     0     0
                 0     0     0     0     0     0     7    24
                24    24    24    24    24    24
ispt(  3) =      1    25    49    73    97   121   145   169
               193   217   241   265     0     0   357   361
                 0     0     0     0     0     0   542   553
               577   601   625   649   673   697
iipe(  3) =     24    24    24    24    24    24    24    24
                24    24    24    21     0     0     4     6
                 0     0     0     0     0     0    11    24
                24    24    24    24    24    24
ispt(  4) =      1    25    49    73    97   121   145   169
               193   217   241   265   289   313   337   361
               385   409   433   457   481   505   529   553
               577   601   625   649   673   697
iipe(  4) =     24    24    24    24    24    24    24    24
                24    24    24    24    24    24    24    24
                24    24    24    24    24    24    24    24
                24    24    24    24    24    24
ispt(  5) =      1    25    49    73    97   121   145   169
               193   217   241   265   289   313   337   361
               385   409   433   457   481   505   529   553
               577   601   625   649   673   697
iipe(  5) =     24    24    24    24    24    24    24    24
                24    24    24    24    24    24    24    24
                24    24    24    24    24    24    24    24
                24    24    24    24    24    24
ispt(  6) =      1    25    49    73    97   121   145   169
               193   217   241   265   289   313   337   361
               385   409   433   457   481   505   529   553
               577   601   625   649   673   697
iipe(  6) =     24    24    24    24    24    24    24    24
                24    24    24    24    24    24    24    24
                24    24    24    24    24    24    24    24
                24    24    24    24    24    24
ispt(  7) =      1    25    49    73    97   121   145   169
               193   217   241   265   289   313   337   361
               385   409   433   457   481   505   529   553
               577   601   625   649   673   697
iipe(  7) =     24    24    24    24    24    24    24    24
                24    24    24    24    24    24    24    24
                24    24    24    24    24    24    24    24
                24    24    24    24    24    24
ispt(  8) =      1    25    49    73    97   121   145   169
               193   217   241   265   289   313   337   361
               385   409   433   457   481   505   529   553
               577   601   625   649   673   697
iipe(  8) =     24    24    24    24    24    24    24    24
                24    24    24    24    24    24    24    24
                24    24    24    24    24    24    24    24
                24    24    24    24    24    24
ispt(  9) =      1    25    49    73    97   121   145   169
               193   217   241   265   289   313   337   361
               385   409   433   457   481   505   529   553
               577   601   625   649   673   697
iipe(  9) =     24    24    24    24    24    24    24    24
                24    24    24    24    24    24    24    24
                24    24    24    24    24    24    24    24
                24    24    24    24    24    24
ispt( 10) =      1    25    49    73   106   121   145   169
               193   217   241   265   289   313   337   361
               385   409   433   457   481   520   529   553
               577   601   625   649   673   697
iipe( 10) =     24    24    24     7    15    24    24    24
                24    24    24    24    24    24    24    24
                24    24    24    24    20     9    24    24
                24    24    24    24    24    24
ispt( 11) =      1    25    49    73     0   121   145   169
               193   217   241   285   289   313   337   361
               385   409   433   457     0   513   529   553
               577   601   625   649   673   697
iipe( 11) =     24    24    24     9     0    24    24    24
                24    24    13     4    24    24    24    24
                24    24    24     8     0    16    24    24
                24    24    24    24    24    24
ispt( 12) =      1    25    49    73     0   139   145   169
               193   217   241     0   289   313   337   361
               385   409   433   457   481   505   529   553
               577   601   625   649   673   697
iipe( 12) =     24    24    24     9     0     6    24    24
                24    24     7     0    24    24    24    24
                24    24    24    24    24    24    24    24
                24    24    24    24    24    24
ispt( 13) =      1    25    49     0     0   142   145   169
               193   217   241     0   299   313   337   361
               385   409   433   457   481   505   529   553
               577   601   625   649   673   697
iipe( 13) =     24    24    20     0     0     3    24    24
                24    24     9     0    14    24    24    24
                24    24    24    24    24    24    24    24
                24    24    24    24    24    24
ispt( 14) =      1    25    49     0     0   131   145   169
               193   217   241     0   298   313   337   361
               385   409   433   457   481   505   529   553
               577   601   625   649   673   697
iipe( 14) =     24    24    15     0     0    14    24    24
                24    24     8     0    15    24    24    24
                24    24    24    24    24    24    24    24
                24    24    24    24    24    24
ispt( 15) =      1    25    49     0   118   121   145   169
               193   217   241     0   300   313   337   361
               385   409   433   457   481   505   529   553
               577   601   625   649   673   697
iipe( 15) =     24    24    17     0     3    24    24    24
                24    24     3     0    13    24    24    24
                24    24    24    24    24    24    24    24
                24    24    24    24    24    24
ispt( 16) =      1    25    49     0   101   121   145   169
               193   217   241     0   310   313   337   361
               385   409   433   457   481   505   529   553
               577   601   625   649   673   697
iipe( 16) =     24    24    19     0    20    24    24    24
                24    24     3     0     3    24    24    24
                24    24    24    24    24    24    24    24
                24    24    24    24    24    24
ispt( 17) =      1    25    49    73    97   121   145   169
               193     0     0     0   304   313   337   361
               385   409   433   457   481   505   529   553
               577   601   625   649   673   697
iipe( 17) =     24    24    24    24    24    24    24    24
                 5     0     0     0     9    24    24    24
                24    24    24    24    24    24    24    24
                24    24    24    24    24    24
ispt( 18) =      1    25    49    73    97   121   145   169
                 0     0     0     0   295   313   337   361
               385   409   433   457   481   505   529   553
               577   601   625   649   673   697
iipe( 18) =     24    24    24    24    24    24    24    21
                 0     0     0     0    18    24    24    24
                24    24    24    24    24    24    24    24
                24    24    24    24    24    24
ispt( 19) =      1    25    49    73    97   121   145   169
               193     0     0   286   289   319   337   361
               388   409   433   457   481   505   529   553
               577   601   625   649   673   697
iipe( 19) =     24    24    24    24    24    24    24    24
                 5     0     0     3    16    18    24     7
                21    24    24    24    24    24    24    24
                24    24    24    24    24    24
ispt( 20) =      1    25    49    73    97   121   145   169
               193   217   241   265   289   316   337     0
                 0     0     0   457   481   505   529   553
               577   601   625   649   673   697
iipe( 20) =     24    24    24    24    24    24    24    24
                24    24    24    24     6    21     3     0
                 0     0     0    24    24    24    24    24
                24    24    24    24    24    24
ispt( 21) =      0     0    66    73    97   121   145   169
               193   217   241   265   289     0     0     0
                 0     0   454   457   481   505   529   553
               577   601   625   649   673   697
iipe( 21) =      0     0     7    24    24    24    24    24
                24    24    24    24    16     0     0     0
                 0     0     3    24    24    24    24    24
                24    24    24    24    24     6
ispt( 22) =      0     0     0    79    97   121   145   169
               193   217   241   276   289     0     0     0
                 0     0     0     0   481   505   529   553
               577   601   625   649   673     0
iipe( 22) =      0     0     0    18    24    24    24    24
                24    24    17    13    16     0     0     0
                 0     0     0     0    24    24    24    24
                24    24    24    24    24     0
ispt( 23) =      0     0    52    85    97   121   145   169
               193   217   241     0     0     0     0     0
                 0     0     0     0   492   505   529   553
               577   601   625   649   673     0
iipe( 23) =      0     0    17    12    24    24    24    24
                24    24    24     0     0     0     0     0
                 0     0     0     0    13    24    24    24
                24    24    24    24    24     0
ispt( 24) =      0    36    49    73    97   121   145   169
               193   217   241   265     0     0     0     0
                 0     0     0     0   496   505   529   553
               577   601   625   649   673     0
iipe( 24) =      0    13    24    24    24    24    24    24
                24    24    24    12     0     0     0     0
                 0     0     0     0     9    24    24    24
                24    24    24    24     7     0
ispt( 25) =      0    33    49    73    97   121   145   169
               193   217   241   265     0     0     0     0
                 0     0     0     0     0     0   546   567
               577   601   631   649     0     0
iipe( 25) =      0    16    24    24    24    24    24    24
                24    24    24    12     0     0     0     0
                 0     0     0     0     0     0     4    10
                24    13    18    21     0     0
ispt( 26) =      0    34    49    73    97   121   156   169
               193   217   241   265   289     0     0     0
                 0     0     0     0   495   505   529   553
               577   601     0     0     0     0
iipe( 26) =      0    15    24    24    24    11    13    24
                24    24    24    24     3     0     0     0
                 0     0     0     0    10    24    24    24
                24     9     0     0     0     0
ispt( 27) =      0    41    49    73   100   121     0   173
               193   217   241   265   289     0     0     0
                 0     0     0     0   481   505   529   553
               577   601   625     0     0     0
iipe( 27) =      0     8    24    19    21    12     0    20
                24    24    24    24     9     0     0     0
                 0     0     0     0    24    24    24    24
                24    24     9     0     0     0
ispt( 28) =      0     0    62    73   100   121     0   179
               193   217   241   265   289     0     0     0
                 0     0     0   466   481   505   529   553
               577   601   625     0     0     0
iipe( 28) =      0     0    11    18    21    12     0    14
                24    24    24    24    10     0     0     0
                 0     0     0    15    24    24    24    24
                24    24    24     0     0     0
ispt( 29) =      0     0    49    73    97   121   145   169
               193   217   241   265   289     0     0     0
                 0     0     0   466   481   505   529   553
               577   601   625   649     0     0
iipe( 29) =      0     0    24    24    24    24    24    24
                24    24    24    24    19     0     0     0
                 0     0     0    15    24    24    24    24
                24    24    24    11     0     0
ispt( 30) =      0    46    49    73    97   121   145   169
               193   217   241   265   289     0     0     0
               401   409   433   457   481   505   529   553
               577   601   625   649   673     0
iipe( 30) =      0     3    24    24    24    24    24    24
                24    24    24    24    20     0     0     0
                 8    24    24    24    24    24    24    24
                24    24    24    24     4     0
ispt( 31) =      0    25    49    73    97   121   145   169
               193   217   241   265   289   313     0     0
               385   409   433   457   481   505   529   553
               577   601   625   649   673     0
iipe( 31) =      0    24    24    24    24    24    24    24
                24    24    24    24    24    24     0     0
                24    24    24    24    24    24    24    24
                24    24    24    24    24     0

jspt(  1) =      1    21    41    61    81   102   123   144
               165   186   207   228   249   270   291   312
               333   354   375   396   417   438   459   480
               501   522   542   562   582   602   622
jjpe(  1) =     20    20    20    20    21    21    21    21
                21    21    21    21    21    21    21    21
                21    21    21    21    21    21    21    21
                21    20    20    20    20    20    20
