  npes   npe   mpe   idm   jdm  ibig  jbig  nreg  minsea  maxsea  avesea
  1131    40    36   720   641    18    18     2       0     324     260

ispt(  1) =      0     0     0     0     0     0   114   127
               145   163     0     0     0     0     0     0
                 0     0     0     0     0     0     0     0
                 0     0     0     0     0     0   545   559
               577   595   613   631     0     0     0     0
iipe(  1) =      0     0     0     0     0     0    13    18
                18     3     0     0     0     0     0     0
                 0     0     0     0     0     0     0     0
                 0     0     0     0     0     0    14    18
                18    18    18    13     0     0     0     0
ispt(  2) =      1     0     0     0     0    97   109   127
               145   163     0     0     0     0     0     0
                 0     0     0     0     0     0     0     0
                 0     0     0     0     0     0   545   559
               577   595   613   631   649   667   685   706
iipe(  2) =     18     0     0     0     0    12    18    18
                18    15     0     0     0     0     0     0
                 0     0     0     0     0     0     0     0
                 0     0     0     0     0     0    14    18
                18    18    18    18    18    18     3    15
ispt(  3) =      1    19    37    55    73    97   109   127
               145   163   181   199     0     0     0     0
                 0     0     0   357   361     0     0     0
                 0     0     0     0     0     0   548   559
               577   595   613   631   649   667   685   703
iipe(  3) =     18    18    18    18     4    12    18    18
                18    18    18     6     0     0     0     0
                 0     0     0     4     3     0     0     0
                 0     0     0     0     0     0    11    18
                18    18    18    18    18    18    18    18
ispt(  4) =      1    19    37    55    73    97   109   127
               145   163   181   199   217   235   253   271
               289     0     0   357   361     0     0     0
                 0     0     0     0   516   523   541   559
               577   595   613   631   649   667   685   703
iipe(  4) =     18    18    18    18    15    12    18    18
                18    18    18    18    18    18    18    18
                18     0     0     4    18     0     0     0
                 0     0     0     0     7    18    18    18
                18    18    18    18    18    18    18    18
ispt(  5) =      1    19    37    55    73    91   109   127
               145   163   181   199   217   235   253   271
               289   307   325   343   361   379   397   415
               433   451   469   487   505   523   541   559
               577   595   613   631   649   667   685   703
iipe(  5) =     18    18    18    18    18    18    18    18
                18    18    18    18    18    18    18    18
                18    18    18    18    18    18    18    18
                18    18    18    18    18    18    18    18
                18    18    18    18    18    18    18    18
ispt(  6) =      1    19    37    55    73    91   109   127
               145   163   181   199   217   235   253   271
               289   307   325   343   361   379   397   415
               433   451   469   487   505   523   541   559
               577   595   613   631   649   667   685   703
iipe(  6) =     18    18    18    18    18    18    18    18
                18    18    18    18    18    18    18    18
                18    18    18    18    18    18    18    18
                18    18    18    18    18    18    18    18
                18    18    18    18    18    18    18    18
ispt(  7) =      1    19    37    55    73    91   109   127
               145   163   181   199   217   235   253   271
               289   307   325   343   361   379   397   415
               433   451   469   487   505   523   541   559
               577   595   613   631   649   667   685   703
iipe(  7) =     18    18    18    18    18    18    18    18
                18    18    18    18    18    18    18    18
                18    18    18    18    18    18    18    18
                18    18    18    18    18    18    18    18
                18    18    18    18    18    18    18    18
ispt(  8) =      1    19    37    55    73    91   109   127
               145   163   181   199   217   235   253   271
               289   307   325   343   361   379   397   415
               433   451   469   487   505   523   541   559
               577   595   613   631   649   667   685   703
iipe(  8) =     18    18    18    18    18    18    18    18
                18    18    18    18    18    18    18    18
                18    18    18    18    18    18    18    18
                18    18    18    18    18    18    18    18
                18    18    18    18    18    18    18    18
ispt(  9) =      1    19    37    55    73    91   109   127
               145   163   181   199   217   235   253   271
               289   307   325   343   361   379   397   415
               433   451   469   487   505   523   541   559
               577   595   613   631   649   667   685   703
iipe(  9) =     18    18    18    18    18    18    18    18
                18    18    18    18    18    18    18    18
                18    18    18    18    18    18    18    18
                18    18    18    18    18    18    18    18
                18    18    18    18    18    18    18    18
ispt( 10) =      1    19    37    55    73    91   109   127
               145   163   181   199   217   235   253   271
               289   307   325   343   361   379   397   415
               433   451   469   487   505   523   541   559
               577   595   613   631   649   667   685   703
iipe( 10) =     18    18    18    18    18    18    18    18
                18    18    18    18    18    18    18    18
                18    18    18    18    18    18    18    18
                18    18    18    18    18    18    18    18
                18    18    18    18    18    18    18    18
ispt( 11) =      1    19    37    55    73    95   109   127
               145   163   181   199   217   235   253   271
               289   307   325   343   361   379   397   415
               433   451   469   487   505   523   541   559
               577   595   613   631   649   667   685   703
iipe( 11) =     18    18    18    18     6    14    18    18
                18    18    18    18    18    18    18    18
                18    18    18    18    18    18    18    18
                18    18    18    18    18    18    18    18
                18    18    18    18    18    18    18    18
ispt( 12) =      1    19    37    55    73     0   115   127
               145   163   181   199   217   235   253   276
               289   307   325   343   361   379   397   415
               433   451   469   487     0   523   541   559
               577   595   613   631   649   667   685   703
iipe( 12) =     18    18    18    18     8     0    12    18
                18    18    18    18    18    18     6    13
                18    18    18    18    18    18    18    18
                18    18    18     3     0    18    18    18
                18    18    18    18    18    18    18    18
ispt( 13) =      1    19    37    55    73     0   124   127
               145   163   181   199   217   235     0   286
               289   307   325   343   361   379   397   415
               433   451     0   502   505   523   541   559
               577   595   613   631   649   667   685   703
iipe( 13) =     18    18    18    18     9     0     3    18
                18    18    18    18    18    18     0     3
                18    18    18    18    18    18    18    18
                18    15     0     3    18    18    18    18
                18    18    18    18    18    18    18    18
ispt( 14) =      1    19    37    55    73     0     0   141
               145   163   181   199   217   235     0     0
               292   307   325   343   361   379   397   415
               433   451   469   487   505   523   541   559
               577   595   613   631   649   667   685   703
iipe( 14) =     18    18    18    18     8     0     0     4
                18    18    18    18    18    13     0     0
                15    18    18    18    18    18    18    18
                18    18    18    18    18    18    18    18
                18    18    18    18    18    18    18    18
ispt( 15) =      1    19    37    55     0     0     0   142
               145   163   181   199   217   235     0     0
               299   307   325   343   361   379   397   415
               433   451   469   487   505   523   541   559
               577   595   613   631   649   667   685   703
iipe( 15) =     18    18    18    14     0     0     0     3
                18    18    18    18    18    15     0     0
                 8    18    18    18    18    18    18    18
                18    18    18    18    18    18    18    18
                18    18    18    18    18    18    18    18
ispt( 16) =      1    19    37    55     0     0     0   142
               145   163   181   199   217   235     0     0
               298   307   325   343   361   379   397   415
               433   451   469   487   505   523   541   559
               577   595   613   631   649   667   685   703
iipe( 16) =     18    18    18    10     0     0     0     3
                18    18    18    18    18    14     0     0
                 9    18    18    18    18    18    18    18
                18    18    18    18    18    18    18    18
                18    18    18    18    18    18    18    18
ispt( 17) =      1    19    37    55     0     0   119   127
               145   163   181   199   217   235     0     0
               299   307   325   343   361   379   397   415
               433   451   469   487   505   523   541   559
               577   595   613   631   649   667   685   703
iipe( 17) =     18    18    18     8     0     0     8    18
                18    18    18    18    18    10     0     0
                 8    18    18    18    18    18    18    18
                18    18    18    18    18    18    18    18
                18    18    18    18    18    18    18    18
ispt( 18) =      1    19    37    55     0     0   114   127
               145   163   181   199   217   235     0     0
               304   307   325   343   361   379   397   415
               433   451   469   487   505   523   541   559
               577   595   613   631   649   667   685   703
iipe( 18) =     18    18    18    12     0     0    13    18
                18    18    18    18    18     7     0     0
                 3    18    18    18    18    18    18    18
                18    18    18    18    18    18    18    18
                18    18    18    18    18    18    18    18
ispt( 19) =      1    19    37    55    73    91   109   127
               145   163   181   199   217   235     0     0
                 0   316   325   343   361   379   397   415
               433   451   469   487   505   523   541   559
               577   595   613   631   649   667   685   703
iipe( 19) =     18    18    18    18    18    18    18    18
                18    18    18    18    18     5     0     0
                 0     9    18    18    18    18    18    18
                18    18    18    18    18    18    18    18
                18    18    18    18    18    18    18    18
ispt( 20) =      1    19    37    55    73    91   109   127
               145   163   181     0     0     0     0     0
               302   307   325   343   361   379   397   415
               433   451   469   487   505   523   541   559
               577   595   613   631   649   667   685   703
iipe( 20) =     18    18    18    18    18    18    18    18
                18    18    15     0     0     0     0     0
                 5    18    18    18    18    18    18    18
                18    18    18    18    18    18    18    18
                18    18    18    18    18    18    18    18
ispt( 21) =      1    19    37    55    73    91   109   127
               145   163   181     0     0     0     0     0
               294   307   325   343   361   379   397   415
               433   451   469   487   505   523   541   559
               577   595   613   631   649   667   685   703
iipe( 21) =     18    18    18    18    18    18    18    18
                18    18     9     0     0     0     0     0
                13    18    18    18    18    18    18    18
                18    18    18    18    18    18    18    18
                18    18    18    18    18    18    18    18
ispt( 22) =      1    24    37    55    73    91   109   127
               145   163   181     0     0     0     0   286
               289   320   325   343   361   389   397   430
               433   451   469   487   505   523   541   559
               577   595   613   631   649   667   685   703
iipe( 22) =     13    13    18    18    18    18    18    18
                18    18    14     0     0     0     0     3
                15     5    18    18     7     8    13     3
                18    18    18    18    18    18    18    18
                18    18    18    18    18    18    18    18
ispt( 23) =      1    25    37    55    73    91   109   127
               145   163   181   199     0   240   253   271
               289   316   325   343     0     0     0     0
                 0   458   469   487   505   523   541   559
               577   595   613   631   649   667   685   703
iipe( 23) =      5    12    18    18    18    18    18    18
                18    18    18    10     0    13    18    18
                 7     9    18    12     0     0     0     0
                 0    11    18    18    18    18    18    18
                18    18    18    18    18    18    18    18
ispt( 24) =      0     0     0    60    73    91   109   127
               145   163   181   199   217   235   253   271
               289     0     0     0     0     0     0     0
                 0   455   469   487   505   523   541   559
               577   595   613   631   649   667   685   703
iipe( 24) =      0     0     0    13    18    18    18    18
                18    18    18    18    18    18    18    18
                15     0     0     0     0     0     0     0
                 0    14    18    18    18    18    18    18
                18    18    18    18    18    18    18     5
ispt( 25) =      0     0     0    70    73    91   109   127
               145   163   181   199   217   235   253   271
               289     0     0     0     0     0     0     0
                 0   459   469   487   505   523   541   559
               577   595   613   631   649   667   685     0
iipe( 25) =      0     0     0     3    18    18    18    18
                18    18    18    18    18    18    18    18
                18     0     0     0     0     0     0     0
                 0    10    18    18    18    18    18    18
                18    18    18    18    18    18     9     0
ispt( 26) =      0     0     0    58    84    91   109   127
               145   163   181   199   217     0     0   281
               289     0     0     0     0     0     0     0
                 0     0     0   496   505   523   541   559
               577   595   613   631   649   667   685     0
iipe( 26) =      0     0     0     7     7    18    18    18
                18    18    18    18    18     0     0     8
                10     0     0     0     0     0     0     0
                 0     0     0     9    18    18    18    18
                18    18    18    18    18    18    11     0
ispt( 27) =      0     0    48    55     0    99   109   127
               145   163   181   199   217   235   253     0
                 0     0     0     0     0     0     0     0
                 0     0     0   492   505   523   541   559
               577   595   613   631   649   667   685     0
iipe( 27) =      0     0     7    15     0    10    18    18
                18    18    18    18    18    18    18     0
                 0     0     0     0     0     0     0     0
                 0     0     0    13    18    18    18    18
                18    18    18    18    18    18     3     0
ispt( 28) =      0    34    37    55    73    91   109   127
               145   163   181   199   217   235   253   271
                 0     0     0     0     0     0     0     0
                 0     0     0   499   505   523   541   559
               577   595   613   631   649   667     0     0
iipe( 28) =      0     3    18    18    18    18    18    18
                18    18    18    18    18    18    18     6
                 0     0     0     0     0     0     0     0
                 0     0     0     6    18    18    18    18
                18    18    18    18    18    12     0     0
ispt( 29) =      0    33    37    55    73    91   109   127
               145   163   181   199   217   235   253   271
                 0     0     0     0     0     0     0     0
                 0     0     0     0     0     0     0   569
               577   595   613   631   649   667     0     0
iipe( 29) =      0     4    18    18    18    18    18    18
                18    18    18    18    18    18    18     6
                 0     0     0     0     0     0     0     0
                 0     0     0     0     0     0     0     8
                18    18    18    18    18     3     0     0
ispt( 30) =      0    33    37    55    73    94   109   127
               154   163   181   199   217   235   253   274
               289     0     0     0     0     0     0     0
                 0     0     0     0     0   527   541   559
               577   595     0     0     0     0     0     0
iipe( 30) =      0     4    18    18    15    15    18     5
                 9    18    18    18    18    18    11    15
                 3     0     0     0     0     0     0     0
                 0     0     0     0     0    14    18    18
                18    18     0     0     0     0     0     0
ispt( 31) =      0     0    40    55    73    91   109   127
                 0   171   181   199   217   235   253   271
               289     0     0     0     0     0     0     0
                 0     0     0   493   505   523   541   559
               577   595   613     0     0     0     0     0
iipe( 31) =      0     0    15    18    18    18    18     6
                 0    10    18    18    18    18    18    18
                 6     0     0     0     0     0     0     0
                 0     0     0    12    18    18    18    18
                18    18     8     0     0     0     0     0
ispt( 32) =      0     0     0    58    73    91   109   127
                 0   178   181   199   217   235   253   271
               289     0     0     0     0     0     0     0
                 0   466   469   487   505   523   541   559
               577   595   613   631     0     0     0     0
iipe( 32) =      0     0     0    15    18    18    18     6
                 0     3    18    18    18    18    18    18
                10     0     0     0     0     0     0     0
                 0     3    18    18    18    18    18    18
                18    18    18    18     0     0     0     0
ispt( 33) =      0     0    52    55    73    91   109   127
                 0   178   181   199   217   235   253   271
               289     0     0     0     0     0     0     0
                 0   466   469   487   505   523   541   559
               577   595   613   631   649     0     0     0
iipe( 33) =      0     0     3    18    18    18    18     6
                 0     3    18    18    18    18    18    18
                15     0     0     0     0     0     0     0
                 0     3    18    18    18    18    18    18
                18    18    18    18     3     0     0     0
ispt( 34) =      0     0    48    55    73    91   109   127
               145   163   181   199   217   235   253   271
               289   307     0     0     0     0     0     0
               448   451   469   487   505   523   541   559
               577   595   613   631   649     0     0     0
iipe( 34) =      0     0     7    18    18    18    18    18
                18    18    18    18    18    18    18    18
                18     3     0     0     0     0     0     0
                 3    18    18    18    18    18    18    18
                18    18    18    18    14     0     0     0
ispt( 35) =      0     0    47    55    73    91   109   127
               145   163   181   199   217   235   253   271
               289   307     0     0     0     0   397   415
               433   451   469   487   505   523   541   559
               577   595   613   631   649   667     0     0
iipe( 35) =      0     0     8    18    18    18    18    18
                18    18    18    18    18    18    18    18
                18     3     0     0     0     0    18    18
                18    18    18    18    18    18    18    18
                18    18    18    18    18    11     0     0
ispt( 36) =      0     0    37    55    73    91   109   127
               145   163   181   199   217   235   253   271
               289   307     0     0     0   379   397   415
               433   451   469   487   505   523   541   559
               577   595   613   631   649   667     0     0
iipe( 36) =      0     0    18    18    18    18    18    18
                18    18    18    18    18    18    18    18
                18    18     0     0     0    18    18    18
                18    18    18    18    18    18    18    18
                18    18    18    18    18    18     0     0

jspt(  1) =      1    18    35    52    70    88   106   124
               142   160   178   196   214   232   250   268
               286   304   322   340   358   376   394   412
               430   448   466   484   502   520   538   556
               574   591   608   625
jjpe(  1) =     17    17    17    18    18    18    18    18
                18    18    18    18    18    18    18    18
                18    18    18    18    18    18    18    18
                18    18    18    18    18    18    18    18
                17    17    17    17
