  npes   npe   mpe   idm   jdm  ibig  jbig  nreg  minsea  maxsea  avesea
    62     8     8   720   641    90    81     2     333    7290    4758

ispt(  1) =      1    91   181   271   361   451   541   631
iipe(  1) =     90    90    90    90    90    90    90    90
ispt(  2) =      1    91   181   271   361   451   541   631
iipe(  2) =     90    90    90    90    90    90    90    90
ispt(  3) =      1    91   181   271   361   451   541   631
iipe(  3) =     90    90    90    90    90    90    90    90
ispt(  4) =      1   114   181   298   361   451   541   631
iipe(  4) =     74    67    69    63    90    90    90    90
ispt(  5) =      1    91   181   287   361   451   541   631
iipe(  5) =     90    90    80    74    90    90    90    90
ispt(  6) =      1    91   181   271     0   455   541   631
iipe(  6) =     90    90    90    53     0    86    90    90
ispt(  7) =     33    91   181   271     0   481   541   631
iipe(  7) =     58    90    90    27     0    60    90    49
ispt(  8) =      1    91   181   271   361   451   541   631
iipe(  8) =     90    90    90    90    90    90    90    90

jspt(  1) =      1    81   161   241   322   402   482   562
jjpe(  1) =     80    80    80    81    80    80    80    80
