  npes   npe   mpe   idm   jdm  ibig  jbig  nreg  minsea  maxsea  avesea
  1270    40    41   720   641    18    16     2       0     288     232

ispt(  1) =      0     0     0     0     0     0   116   127
               145     0     0     0     0     0     0     0
                 0     0     0     0     0     0     0     0
                 0     0     0     0     0     0   545   559
               577   595   613   631     0     0     0     0
iipe(  1) =      0     0     0     0     0     0    11    18
                18     0     0     0     0     0     0     0
                 0     0     0     0     0     0     0     0
                 0     0     0     0     0     0    14    18
                18    18    18    10     0     0     0     0
ispt(  2) =      1     0     0     0     0    97   109   127
               145   163     0     0     0     0     0     0
                 0     0     0     0     0     0     0     0
                 0     0     0     0     0     0   545   559
               577   595   613   631   649   667     0     0
iipe(  2) =     18     0     0     0     0    12    18    18
                18    10     0     0     0     0     0     0
                 0     0     0     0     0     0     0     0
                 0     0     0     0     0     0    14    18
                18    18    18    18    18     7     0     0
ispt(  3) =      1    19    37    55    73    97   109   127
               145   163   181     0     0     0     0     0
                 0     0     0     0     0     0     0     0
                 0     0     0     0     0     0   546   559
               577   595   613   631   649   667   685   703
iipe(  3) =     18    18    18    18     4    12    18    18
                18    18     8     0     0     0     0     0
                 0     0     0     0     0     0     0     0
                 0     0     0     0     0     0    13    18
                18    18    18    18    18    18    18    18
ispt(  4) =      1    19    37    55    73    99   109   127
               145   163   181   199   217   235   253   271
                 0     0     0   357   361     0     0     0
                 0     0     0     0     0     0   541   559
               577   595   613   631   649   667   685   703
iipe(  4) =     18    18    18    18     4    10    18    18
                18    18    18    18    18    18    18    15
                 0     0     0     4     6     0     0     0
                 0     0     0     0     0     0    18    18
                18    18    18    18    18    18    18    18
ispt(  5) =      1    19    37    55    73    97   109   127
               145   163   181   199   217   235   253   271
               289   307   340   343   361   379     0     0
                 0   451     0     0   508   523   541   559
               577   595   613   631   649   667   685   703
iipe(  5) =     18    18    18    18    15    12    18    18
                18    18    18    18    18    18    18    18
                18    11     3    18    18     9     0     0
                 0     3     0     0    15    18    18    18
                18    18    18    18    18    18    18    18
ispt(  6) =      1    19    37    55    73    91   109   127
               145   163   181   199   217   235   253   271
               289   307   325   343   361   379   397   415
               433   451   469   487   505   523   541   559
               577   595   613   631   649   667   685   703
iipe(  6) =     18    18    18    18    18    18    18    18
                18    18    18    18    18    18    18    18
                18    18    18    18    18    18    18    18
                18    18    18    18    18    18    18    18
                18    18    18    18    18    18    18    18
ispt(  7) =      1    19    37    55    73    91   109   127
               145   163   181   199   217   235   253   271
               289   307   325   343   361   379   397   415
               433   451   469   487   505   523   541   559
               577   595   613   631   649   667   685   703
iipe(  7) =     18    18    18    18    18    18    18    18
                18    18    18    18    18    18    18    18
                18    18    18    18    18    18    18    18
                18    18    18    18    18    18    18    18
                18    18    18    18    18    18    18    18
ispt(  8) =      1    19    37    55    73    91   109   127
               145   163   181   199   217   235   253   271
               289   307   325   343   361   379   397   415
               433   451   469   487   505   523   541   559
               577   595   613   631   649   667   685   703
iipe(  8) =     18    18    18    18    18    18    18    18
                18    18    18    18    18    18    18    18
                18    18    18    18    18    18    18    18
                18    18    18    18    18    18    18    18
                18    18    18    18    18    18    18    18
ispt(  9) =      1    19    37    55    73    91   109   127
               145   163   181   199   217   235   253   271
               289   307   325   343   361   379   397   415
               433   451   469   487   505   523   541   559
               577   595   613   631   649   667   685   703
iipe(  9) =     18    18    18    18    18    18    18    18
                18    18    18    18    18    18    18    18
                18    18    18    18    18    18    18    18
                18    18    18    18    18    18    18    18
                18    18    18    18    18    18    18    18
ispt( 10) =      1    19    37    55    73    91   109   127
               145   163   181   199   217   235   253   271
               289   307   325   343   361   379   397   415
               433   451   469   487   505   523   541   559
               577   595   613   631   649   667   685   703
iipe( 10) =     18    18    18    18    18    18    18    18
                18    18    18    18    18    18    18    18
                18    18    18    18    18    18    18    18
                18    18    18    18    18    18    18    18
                18    18    18    18    18    18    18    18
ispt( 11) =      1    19    37    55    73    91   109   127
               145   163   181   199   217   235   253   271
               289   307   325   343   361   379   397   415
               433   451   469   487   505   523   541   559
               577   595   613   631   649   667   685   703
iipe( 11) =     18    18    18    18    18    18    18    18
                18    18    18    18    18    18    18    18
                18    18    18    18    18    18    18    18
                18    18    18    18    18    18    18    18
                18    18    18    18    18    18    18    18
ispt( 12) =      1    19    37    55    73    91   109   127
               145   163   181   199   217   235   253   271
               289   307   325   343   361   379   397   415
               433   451   469   487   505   523   541   559
               577   595   613   631   649   667   685   703
iipe( 12) =     18    18    18    18    18    18    18    18
                18    18    18    18    18    18    18    18
                18    18    18    18    18    18    18    18
                18    18    18    18    18    18    18    18
                18    18    18    18    18    18    18    18
ispt( 13) =      1    19    37    55    73   106   109   127
               145   163   181   199   217   235   253   271
               289   307   325   343   361   379   397   415
               433   451   469   487   520   523   541   559
               577   595   613   631   649   667   685   703
iipe( 13) =     18    18    18    18     6     3    18    18
                18    18    18    18    18    18    18    18
                18    18    18    18    18    18    18    18
                18    18    18    14     3    18    18    18
                18    18    18    18    18    18    18    18
ispt( 14) =      1    19    37    55    73     0   119   127
               145   163   181   199   217   235   253   281
               289   307   325   343   361   379   397   415
               433   451     0     0   520   523   541   559
               577   595   613   631   649   667   685   703
iipe( 14) =     18    18    18    18     8     0     8    18
                18    18    18    18    18    18     4     8
                18    18    18    18    18    18    18    18
                18     3     0     0     3    18    18    18
                18    18    18    18    18    18    18    18
ispt( 15) =      1    19    37    55    73     0     0   127
               145   163   181   199   217   235     0     0
               289   307   325   343   361   379   397   415
               433   451     0   498   505   523   541   559
               577   595   613   631   649   667   685   703
iipe( 15) =     18    18    18    18     9     0     0    18
                18    18    18    18    18    18     0     0
                18    18    18    18    18    18    18    18
                18    18     0     7    18    18    18    18
                18    18    18    18    18    18    18    18
ispt( 16) =      1    19    37    55    73     0     0   141
               145   163   181   199   217   235     0     0
               293   307   325   343   361   379   397   415
               433   451   469   487   505   523   541   559
               577   595   613   631   649   667   685   703
iipe( 16) =     18    18    18    18     8     0     0     4
                18    18    18    18    18    13     0     0
                14    18    18    18    18    18    18    18
                18    18    18    18    18    18    18    18
                18    18    18    18    18    18    18    18
ispt( 17) =      1    19    37    55     0     0     0   142
               145   163   181   199   217   235     0     0
               299   307   325   343   361   379   397   415
               433   451   469   487   505   523   541   559
               577   595   613   631   649   667   685   703
iipe( 17) =     18    18    18    14     0     0     0     3
                18    18    18    18    18    15     0     0
                 8    18    18    18    18    18    18    18
                18    18    18    18    18    18    18    18
                18    18    18    18    18    18    18    18
ispt( 18) =      1    19    37    55     0     0     0     0
               145   163   181   199   217   235     0     0
               298   307   325   343   361   379   397   415
               433   451   469   487   505   523   541   559
               577   595   613   631   649   667   685   703
iipe( 18) =     18    18    18    10     0     0     0     0
                18    18    18    18    18    14     0     0
                 9    18    18    18    18    18    18    18
                18    18    18    18    18    18    18    18
                18    18    18    18    18    18    18    18
ispt( 19) =      1    19    37    55     0     0   123   127
               145   163   181   199   217   235     0     0
               298   307   325   343   361   379   397   415
               433   451   469   487   505   523   541   559
               577   595   613   631   649   667   685   703
iipe( 19) =     18    18    18     7     0     0     4    18
                18    18    18    18    18    11     0     0
                 9    18    18    18    18    18    18    18
                18    18    18    18    18    18    18    18
                18    18    18    18    18    18    18    18
ispt( 20) =      1    19    37    55     0     0   118   127
               145   163   181   199   217   235     0     0
               303   307   325   343   361   379   397   415
               433   451   469   487   505   523   541   559
               577   595   613   631   649   667   685   703
iipe( 20) =     18    18    18    12     0     0     9    18
                18    18    18    18    18     7     0     0
                 4    18    18    18    18    18    18    18
                18    18    18    18    18    18    18    18
                18    18    18    18    18    18    18    18
ispt( 21) =      1    19    37    55     0   103   109   127
               145   163   181   199   217   235     0     0
                 0   312   325   343   361   379   397   415
               433   451   469   487   505   523   541   559
               577   595   613   631   649   667   685   703
iipe( 21) =     18    18    18    12     0     6    18    18
                18    18    18    18    18     7     0     0
                 0    13    18    18    18    18    18    18
                18    18    18    18    18    18    18    18
                18    18    18    18    18    18    18    18
ispt( 22) =      1    19    37    55    73    91   109   127
               145   163   181   199     0     0     0     0
                 0   307   325   343   361   379   397   415
               433   451   469   487   505   523   541   559
               577   595   613   631   649   667   685   703
iipe( 22) =     18    18    18    18    18    18    18    18
                18    18    18     3     0     0     0     0
                 0    18    18    18    18    18    18    18
                18    18    18    18    18    18    18    18
                18    18    18    18    18    18    18    18
ispt( 23) =      1    19    37    55    73    91   109   127
               145   163   181     0     0     0     0     0
               299   307   325   343   361   379   397   415
               433   451   469   487   505   523   541   559
               577   595   613   631   649   667   685   703
iipe( 23) =     18    18    18    18    18    18    18    18
                18    18    12     0     0     0     0     0
                 8    18    18    18    18    18    18    18
                18    18    18    18    18    18    18    18
                18    18    18    18    18    18    18    18
ispt( 24) =      1    19    37    55    73    91   109   127
               145   163   181     0     0     0     0     0
               294   307   325   343   361   379   397   415
               433   451   469   487   505   523   541   559
               577   595   613   631   649   667   685   703
iipe( 24) =     18    18    18    18    18    18    18    18
                18    18     9     0     0     0     0     0
                13    18    18    18    18    18    18    18
                18    18    18    18    18    18    18    18
                18    18    18    18    18    18    18    18
ispt( 25) =      1    24    37    55    73    91   109   127
               145   163   181     0     0     0     0   286
               289   320   325   343   361   390   397   430
               433   451   469   487   505   523   541   559
               577   595   613   631   649   667   685   703
iipe( 25) =     12    13    18    18    18    18    18    18
                18    18    14     0     0     0     0     3
                15     5    18    18     7     7    12     3
                18    18    18    18    18    18    18    18
                18    18    18    18    18    18    18    18
ispt( 26) =      1    25    37    55    73    91   109   127
               145   163   181   199     0   241   253   271
               289   316   325   343     0     0     0     0
                 0   458   469   487   505   523   541   559
               577   595   613   631   649   667   685   703
iipe( 26) =      5    12    18    18    18    18    18    18
                18    18    18     9     0    12    18    18
                 7     9    18    12     0     0     0     0
                 0    11    18    18    18    18    18    18
                18    18    18    18    18    18    18    18
ispt( 27) =      0     0     0    58    73    91   109   127
               145   163   181   199   217   235   253   271
               289     0     0     0     0     0     0     0
                 0   455   469   487   505   523   541   559
               577   595   613   631   649   667   685   703
iipe( 27) =      0     0     0    15    18    18    18    18
                18    18    18    18    18    18    18    18
                 5     0     0     0     0     0     0     0
                 0    14    18    18    18    18    18    18
                18    18    18    18    18    18    18    11
ispt( 28) =      0     0     0    70    73    91   109   127
               145   163   181   199   217   235   253   271
               289     0     0     0     0     0     0     0
                 0   455   469   487   505   523   541   559
               577   595   613   631   649   667   685     0
iipe( 28) =      0     0     0     3    18    18    18    18
                18    18    18    18    18    18    18    18
                18     0     0     0     0     0     0     0
                 0    14    18    18    18    18    18    18
                18    18    18    18    18    18    11     0
ispt( 29) =      0     0     0     0    82    91   109   127
               145   163   181   199   217   235     0   277
               289     0     0     0     0     0     0     0
                 0     0     0   491   505   523   541   559
               577   595   613   631   649   667   685     0
iipe( 29) =      0     0     0     0     9    18    18    18
                18    18    18    18    18    18     0    12
                11     0     0     0     0     0     0     0
                 0     0     0    14    18    18    18    18
                18    18    18    18    18    18    11     0
ispt( 30) =      0     0     0    55    84    91   109   127
               145   163   181   199   217   235   253     0
                 0     0     0     0     0     0     0     0
                 0     0     0   492   505   523   541   559
               577   595   613   631   649   667   685     0
iipe( 30) =      0     0     0    10     7    18    18    18
                18    18    18    18    18    18     9     0
                 0     0     0     0     0     0     0     0
                 0     0     0    13    18    18    18    18
                18    18    18    18    18    18    11     0
ispt( 31) =      0     0    43    55    73    91   109   127
               145   163   181   199   217   235   253     0
                 0     0     0     0     0     0     0     0
                 0     0     0   492   505   523   541   559
               577   595   613   631   649   667     0     0
iipe( 31) =      0     0    12    18    18    18    18    18
                18    18    18    18    18    18    18     0
                 0     0     0     0     0     0     0     0
                 0     0     0    13    18    18    18    18
                18    18    18    18    18    18     0     0
ispt( 32) =      0    33    37    55    73    91   109   127
               145   163   181   199   217   235   253   271
                 0     0     0     0     0     0     0     0
                 0     0     0     0   505   523   541   559
               577   595   613   631   649   667     0     0
iipe( 32) =      0     4    18    18    18    18    18    18
                18    18    18    18    18    18    18     6
                 0     0     0     0     0     0     0     0
                 0     0     0     0    18    18    18    18
                18    18    18    18    18     7     0     0
ispt( 33) =      0    33    37    55    73    91   109   127
               145   163   181   199   217   235   253   271
                 0     0     0     0     0     0     0     0
                 0     0     0     0     0     0     0   572
               577   595   613   631   649     0     0     0
iipe( 33) =      0     4    18    18    18    18    18    18
                18    18    18    18    18    18    18     3
                 0     0     0     0     0     0     0     0
                 0     0     0     0     0     0     0     5
                18    18    18    18    11     0     0     0
ispt( 34) =      0    34    37    55    73    94   109   127
               156   163   181   199   217   235   253   275
               289     0     0     0     0     0     0     0
                 0     0     0     0     0   527   541   559
               577   595     0     0     0     0     0     0
iipe( 34) =      0     3    18    18    13    15    18     5
                 7    18    18    18    18    18    11    14
                 3     0     0     0     0     0     0     0
                 0     0     0     0     0    14    18    18
                18    15     0     0     0     0     0     0
ispt( 35) =      0     0    37    55    73    91   109   127
                 0   171   181   199   217   235     0   271
               289     0     0     0     0     0     0     0
                 0     0     0   493   505   523   541   559
               577   595     0     0     0     0     0     0
iipe( 35) =      0     0    18    18    18    18    18     6
                 0    10    18    18    18    18     0    18
                 5     0     0     0     0     0     0     0
                 0     0     0    12    18    18    18    18
                18    13     0     0     0     0     0     0
ispt( 36) =      0     0     0    55    73    91   109   127
                 0   178   181   199   217   235   253   271
               289     0     0     0     0     0     0     0
                 0     0   478   487   505   523   541   559
               577   595   613   631     0     0     0     0
iipe( 36) =      0     0     0    18    18    18    18     6
                 0     3    18    18    18    18    18    18
                10     0     0     0     0     0     0     0
                 0     0     9    18    18    18    18    18
                18    18    18    15     0     0     0     0
ispt( 37) =      0     0     0    65    73    91   109   127
                 0   178   181   199   217   235   253   271
               289     0     0     0     0     0     0     0
                 0   466   469   487   505   523   541   559
               577   595   613   631     0     0     0     0
iipe( 37) =      0     0     0     8    18    18    18     6
                 0     3    18    18    18    18    18    18
                10     0     0     0     0     0     0     0
                 0     3    18    18    18    18    18    18
                18    18    18    18     0     0     0     0
ispt( 38) =      0     0    52    55    73    91   109   127
                 0   176   181   199   217   235   253   271
               289     0     0     0     0     0     0     0
                 0     0   469   487   505   523   541   559
               577   595   613   631   649     0     0     0
iipe( 38) =      0     0     3    18    18    18    18    14
                 0     5    18    18    18    18    18    18
                15     0     0     0     0     0     0     0
                 0     0    18    18    18    18    18    18
                18    18    18    18    10     0     0     0
ispt( 39) =      0     0    47    55    73    91   109   127
               145   163   181   199   217   235   253   271
               289   307     0     0     0     0     0     0
               433   451   469   487   505   523   541   559
               577   595   613   631   649     0     0     0
iipe( 39) =      0     0     8    18    18    18    18    18
                18    18    18    18    18    18    18    18
                18     3     0     0     0     0     0     0
                18    18    18    18    18    18    18    18
                18    18    18    18    18     0     0     0
ispt( 40) =      0     0    47    55    73    91   109   127
               145   163   181   199   217   235   253   271
               289   307     0     0     0     0   397   415
               433   451   469   487   505   523   541   559
               577   595   613   631   649   667     0     0
iipe( 40) =      0     0     8    18    18    18    18    18
                18    18    18    18    18    18    18    18
                18     3     0     0     0     0    18    18
                18    18    18    18    18    18    18    18
                18    18    18    18    18    11     0     0
ispt( 41) =      0     0    37    55    73    91   109   127
               145   163   181   199   217   235   253   271
               289   307   325     0     0   379   397   415
               433   451   469   487   505   523   541   559
               577   595   613   631   649   667     0     0
iipe( 41) =      0     0    18    18    18    18    18    18
                18    18    18    18    18    18    18    18
                18    18    18     0     0    18    18    18
                18    18    18    18    18    18    18    18
                18    18    18    18    18    18     0     0

jspt(  1) =      1    16    31    46    61    76    91   106
               122   138   154   170   186   202   218   234
               250   266   282   298   314   330   346   362
               378   394   410   426   442   458   474   490
               506   522   537   552   567   582   597   612
               627
jjpe(  1) =     15    15    15    15    15    15    15    16
                16    16    16    16    16    16    16    16
                16    16    16    16    16    16    16    16
                16    16    16    16    16    16    16    16
                16    15    15    15    15    15    15    15
                15
