  npes   npe   mpe   idm   jdm  ibig  jbig  nreg  minsea  maxsea  avesea
   511    22    28   720   641    33    23     2       0     759     577

ispt(  1) =      0     0     0   107   130   163     0     0
                 0     0     0     0     0     0     0     0
               545   559   592   625     0     0
iipe(  1) =      0     0     0    23    33     6     0     0
                 0     0     0     0     0     0     0     0
                14    33    33    23     0     0
ispt(  2) =      1    33    65    97   130   163     0     0
                 0     0     0     0     0     0     0     0
               546   559   592   625   657   689
iipe(  2) =     32    32    32    33    33    26     0     0
                 0     0     0     0     0     0     0     0
                13    33    33    32    32    32
ispt(  3) =      1    33    65    97   130   163   196   229
               262   295   357   361     0     0     0   523
               526   559   592   625   657   689
iipe(  3) =     32    32    32    33    33    33    33    33
                33     8     4    17     0     0     0     3
                33    33    33    32    32    32
ispt(  4) =      1    33    65    97   130   163   196   229
               262   295   328   361   394   427   460   493
               526   559   592   625   657   689
iipe(  4) =     32    32    32    33    33    33    33    33
                33    33    33    33    33    33    33    33
                33    33    33    32    32    32
ispt(  5) =      1    33    65    97   130   163   196   229
               262   295   328   361   394   427   460   493
               526   559   592   625   657   689
iipe(  5) =     32    32    32    33    33    33    33    33
                33    33    33    33    33    33    33    33
                33    33    33    32    32    32
ispt(  6) =      1    33    65    97   130   163   196   229
               262   295   328   361   394   427   460   493
               526   559   592   625   657   689
iipe(  6) =     32    32    32    33    33    33    33    33
                33    33    33    33    33    33    33    33
                33    33    33    32    32    32
ispt(  7) =      1    33    65    97   130   163   196   229
               262   295   328   361   394   427   460   493
               526   559   592   625   657   689
iipe(  7) =     32    32    32    33    33    33    33    33
                33    33    33    33    33    33    33    33
                33    33    33    32    32    32
ispt(  8) =      1    33    65    97   130   163   196   229
               262   295   328   361   394   427   460   493
               526   559   592   625   657   689
iipe(  8) =     32    32    32    33    33    33    33    33
                33    33    33    33    33    33    33    33
                33    33    33    32    32    32
ispt(  9) =      1    33    65   105   130   163   196   229
               262   295   328   361   394   427   460   493
               526   559   592   625   657   689
iipe(  9) =     32    32    15    25    33    33    33    33
                33    33    33    33    33    33    33    33
                33    33    33    32    32    32
ispt( 10) =      1    33    65   123   130   163   196   229
               285   295   328   361   394   427   460   513
               526   559   592   625   657   689
iipe( 10) =     32    32    17     7    33    33    33    25
                10    33    33    33    33    33     6    13
                33    33    33    32    32    32
ispt( 11) =      1    33    65     0   140   163   196   229
               290   295   328   361   394   427   460   493
               526   559   592   625   657   689
iipe( 11) =     32    32    17     0    23    33    33    20
                 5    33    33    33    33    33    33    33
                33    33    33    32    32    32
ispt( 12) =      1    33    65     0   143   163   196   229
                 0   298   328   361   394   427   460   493
               526   559   592   625   657   689
iipe( 12) =     32    32     4     0    20    33    33    21
                 0    30    33    33    33    33    33    33
                33    33    33    32    32    32
ispt( 13) =      1    33     0   122   130   163   196   229
                 0   298   328   361   394   427   460   493
               526   559   592   625   657   689
iipe( 13) =     32    32     0     8    33    33    33    19
                 0    30    33    33    33    33    33    33
                33    33    33    32    32    32
ispt( 14) =      1    33    65   114   130   163   196   229
                 0   304   328   361   394   427   460   493
               526   559   592   625   657   689
iipe( 14) =     32    32     3    16    33    33    33    13
                 0    24    33    33    33    33    33    33
                33    33    33    32    32    32
ispt( 15) =      1    33    65    97   130   163   196   229
                 0   307   328   361   394   427   460   493
               526   559   592   625   657   689
iipe( 15) =     32    32    32    33    33    33    33    11
                 0    21    33    33    33    33    33    33
                33    33    33    32    32    32
ispt( 16) =      1    33    65    97   130   163     0     0
                 0   298   328   361   394   427   460   493
               526   559   592   625   657   689
iipe( 16) =     32    32    32    33    33    30     0     0
                 0    30    33    33    33    33    33    33
                33    33    33    32    32    32
ispt( 17) =      1    33    65    97   130   163     0     0
               289   295   328   361   394   432   460   493
               526   559   592   625   657   689
iipe( 17) =     32    32    32    33    33    29     0     0
                 6    33    33    33    23    28    33    33
                33    33    33    32    32    32
ispt( 18) =      1    33    65    97   130   163   196   240
               262   295   328     0     0   455   460   493
               526   559   592   625   657   689
iipe( 18) =     32    32    32    33    33    33    24    22
                33    33    30     0     0     5    33    33
                33    33    33    32    32    32
ispt( 19) =      0    62    65    97   130   163   196   229
               262   295     0     0     0   455   460   493
               526   559   592   625   657   689
iipe( 19) =      0     3    32    33    33    33    33    33
                33    10     0     0     0     5    33    33
                33    33    33    32    32    18
ispt( 20) =      0     0    79    97   130   163   196   229
               276   295     0     0     0     0   481   493
               526   559   592   625   657   689
iipe( 20) =      0     0    18    33    33    33    33    30
                19    10     0     0     0     0    12    33
                33    33    33    32    32     7
ispt( 21) =      0    49    65    97   130   163   196   229
               262     0     0     0     0     0   490   493
               526   559   592   625   657   689
iipe( 21) =      0    16    32    33    33    33    33    33
                 6     0     0     0     0     0     3    33
                33    33    33    32    32     6
ispt( 22) =      0    33    65    97   130   163   196   229
               262     0     0     0     0     0     0   498
               526   559   592   625   657     0
iipe( 22) =      0    32    32    33    33    33    33    33
                15     0     0     0     0     0     0    28
                33    33    33    32    23     0
ispt( 23) =      0    33    65    97   139   163   196   229
               262     0     0     0     0     0     0     0
               541   559   592   632   657     0
iipe( 23) =      0    32    32    29    24    33    33    33
                27     0     0     0     0     0     0     0
                18    33    22    25     3     0
ispt( 24) =      0    33    65    97   130   167   196   229
               262     0     0     0     0     0     0   493
               526   559   592     0     0     0
iipe( 24) =      0    32    32    33     3    29    33    33
                33     0     0     0     0     0     0    33
                33    33    18     0     0     0
ispt( 25) =      0    56    65   100   130   178   196   229
               262   295     0     0     0     0   466   493
               526   559   592   625     0     0
iipe( 25) =      0     9    27    30     3    18    33    33
                33     4     0     0     0     0    27    33
                33    33    33    22     0     0
ispt( 26) =      0    52    65    97   130   176   196   229
               262   295     0     0     0     0   466   493
               526   559   592   625   657     0
iipe( 26) =      0    13    32    33    11    20    33    33
                33    10     0     0     0     0    27    33
                33    33    33    32     3     0
ispt( 27) =      0    47    65    97   130   163   196   229
               262   295     0     0   413   430   460   493
               526   559   592   625   657     0
iipe( 27) =      0    18    32    33    33    33    33    33
                33    14     0     0     4    30    33    33
                33    33    33    32    19     0
ispt( 28) =      0    33    65    97   130   163   196   229
               262   295     0   361   394   427   460   493
               526   559   592   625   657     0
iipe( 28) =      0    32    32    33    33    33    33    33
                33    33     0    33    33    33    33    33
                33    33    33    32    32     0

jspt(  1) =      1    23    46    69    92   115   138   161
               184   207   230   253   276   299   322   345
               368   391   414   437   460   483   506   529
               552   575   598   620
jjpe(  1) =     22    23    23    23    23    23    23    23
                23    23    23    23    23    23    23    23
                23    23    23    23    23    23    23    23
                23    23    22    22
