  npes   npe   mpe   idm   jdm  ibig  jbig  nreg  minsea  maxsea  avesea
   222    16    16  1440  1153    90    73     2       0    6570    4488

ispt(  1) =      0     0   214   271     0     0     0     0
                 0     0     0     0  1090  1171  1261     0
iipe(  1) =      0     0    57    64     0     0     0     0
                 0     0     0     0    81    90    32     0
ispt(  2) =      1    91   193   271   361   451   541   713
               721     0     0     0  1087  1171  1261  1351
iipe(  2) =     90    61    78    90    90    90    16     8
                10     0     0     0    84    90    90    90
ispt(  3) =      1    91   181   271   361   451   541   631
               721   811   901   991  1081  1171  1261  1351
iipe(  3) =     90    90    90    90    90    90    90    90
                90    90    90    90    90    90    90    90
ispt(  4) =      1    91   181   271   361   451   541   631
               721   811   901   991  1081  1171  1261  1351
iipe(  4) =     90    90    90    90    90    90    90    90
                90    90    90    90    90    90    90    90
ispt(  5) =      1    91   181   271   361   451   541   631
               721   811   901   991  1081  1171  1261  1351
iipe(  5) =     90    90    90    90    90    90    90    90
                90    90    90    90    90    90    90    90
ispt(  6) =      1    91   181   271   361   451   541   631
               721   811   901   991  1081  1171  1261  1351
iipe(  6) =     90    90    90    90    90    90    90    90
                90    90    90    90    90    90    90    90
ispt(  7) =      1    91   242   271   361   451   566   631
               721   811   901   991  1081  1171  1261  1351
iipe(  7) =     90    71    29    90    90    58    65    90
                90    90    90    90    90    90    90    90
ispt(  8) =      1    91   207   271   361   451   595   631
               721   811   901   991  1081  1171  1261  1351
iipe(  8) =     90    44    64    90    90    46    36    90
                90    90    90    90    90    90    90    90
ispt(  9) =      1    91   181   271   361   451   583   631
               721   811   901   991  1081  1171  1261  1351
iipe(  9) =     90    90    90    90    90    11    48    90
                90    90    90    90    90    90    90    90
ispt( 10) =      1    91   181   271   361   451   541   631
               721     0   906   991  1081  1171  1261  1351
iipe( 10) =     90    90    90    90    90    90    90    90
                 3     0    85    90    90    90    90    90
ispt( 11) =      0   136   181   271   361   451   541   631
                 0     0   911   991  1081  1171  1261  1351
iipe( 11) =      0    45    90    90    90    90    90    30
                 0     0    80    90    90    90    90    40
ispt( 12) =     73    91   181   271   361   451   541     0
                 0     0   983   991  1081  1171  1261  1351
iipe( 12) =     18    90    90    90    90    90     7     0
                 0     0     8    90    90    90    90    31
ispt( 13) =     65    91   181   274   361   451   541     0
                 0     0     0  1068  1081  1171  1261     0
iipe( 13) =     26    90    80    87    90    90    36     0
                 0     0     0    13    90    90    83     0
ispt( 14) =     74    91   181   339   361   451   541     0
                 0     0   952   991  1081  1171  1261     0
iipe( 14) =     17    90    84    22    90    90    56     0
                 0     0    39    90    90    90    31     0
ispt( 15) =      0    99   181   271   361   451   541     0
                 0   856   925   991  1081  1171  1261     0
iipe( 15) =      0    82    90    90    90    90    75     0
                 0     7    66    90    90    90    57     0
ispt( 16) =      1    91   181   271   361   451   541   631
               721   811   901   991  1081  1171  1261  1351
iipe( 16) =     90    90    90    90    90    90    90    90
                90    90    90    90    90    90    90    90
 
jspt(  1) =      1    73   145   217   289   361   433   505
               578   650   722   794   866   938  1010  1082
jjpe(  1) =     72    72    72    72    72    72    72    73
                72    72    72    72    72    72    72    72
