  npes   npe   mpe   idm   jdm  ibig  jbig  nreg  minsea  maxsea  avesea
   787    32    32  1440  1153    45    37     2       0    1665    1266

ispt(  1) =      0     0     0     0     0   255   271     0
                 0     0     0     0     0     0     0     0
                 0     0     0     0     0     0     0     0
              1098  1156  1171  1216     0     0     0     0
iipe(  1) =      0     0     0     0     0    16    31     0
                 0     0     0     0     0     0     0     0
                 0     0     0     0     0     0     0     0
                 9    15    45    33     0     0     0     0
ispt(  2) =      0     0     0     0   214   226   271   316
                 0     0     0     0     0     0     0     0
                 0     0     0     0     0     0     0     0
              1090  1126  1171  1216  1261     0     0     0
iipe(  2) =      0     0     0     0    12    45    45    19
                 0     0     0     0     0     0     0     0
                 0     0     0     0     0     0     0     0
                36    45    45    45    32     0     0     0
ispt(  3) =      1     0   101     0   193   226   271   316
                 0     0     0     0     0     0     0     0
                 0     0     0     0     0     0     0     0
              1091  1126  1171  1216  1261  1306  1351  1396
iipe(  3) =     35     0    16     0    33    45    45    45
                 0     0     0     0     0     0     0     0
                 0     0     0     0     0     0     0     0
                35    45    45    45    45    45    45    45
ispt(  4) =      1    46    91   136   197   226   271   316
               361   406   451   516   541     0     0   713
               721     0     0     0     0     0     0     0
              1087  1126  1171  1216  1261  1306  1351  1396
iipe(  4) =     45    45    45    16    29    45    45    45
                45    45    39    25    16     0     0     8
                10     0     0     0     0     0     0     0
                39    45    45    45    45    45    45    45
ispt(  5) =      1    46    91   136   195   226   271   316
               361   406   451   496   541   586   631   676
               721   766     0   898   901     0  1017  1036
              1081  1126  1171  1216  1261  1306  1351  1396
iipe(  5) =     45    45    45    38    31    45    45    45
                45    45    45    45    45    45    45    45
                45     9     0     3     3     0    19    45
                45    45    45    45    45    45    45    45
ispt(  6) =      1    46    91   136   181   226   271   316
               361   406   451   496   541   586   631   676
               721   766   811   856   901   946   991  1036
              1081  1126  1171  1216  1261  1306  1351  1396
iipe(  6) =     45    45    45    45    45    45    45    45
                45    45    45    45    45    45    45    45
                45    45    45    45    45    45    45    45
                45    45    45    45    45    45    45    45
ispt(  7) =      1    46    91   136   181   226   271   316
               361   406   451   496   541   586   631   676
               721   766   811   856   901   946   991  1036
              1081  1126  1171  1216  1261  1306  1351  1396
iipe(  7) =     45    45    45    45    45    45    45    45
                45    45    45    45    45    45    45    45
                45    45    45    45    45    45    45    45
                45    45    45    45    45    45    45    45
ispt(  8) =      1    46    91   136   181   226   271   316
               361   406   451   496   541   586   631   676
               721   766   811   856   901   946   991  1036
              1081  1126  1171  1216  1261  1306  1351  1396
iipe(  8) =     45    45    45    45    45    45    45    45
                45    45    45    45    45    45    45    45
                45    45    45    45    45    45    45    45
                45    45    45    45    45    45    45    45
ispt(  9) =      1    46    91   136   181   226   271   316
               361   406   451   496   541   586   631   676
               721   766   811   856   901   946   991  1036
              1081  1126  1171  1216  1261  1306  1351  1396
iipe(  9) =     45    45    45    45    45    45    45    45
                45    45    45    45    45    45    45    45
                45    45    45    45    45    45    45    45
                45    45    45    45    45    45    45    45
ispt( 10) =      1    46    91   136   181   226   271   316
               361   406   451   496   541   586   631   676
               721   766   811   856   901   946   991  1036
              1081  1126  1171  1216  1261  1306  1351  1396
iipe( 10) =     45    45    45    45    45    45    45    45
                45    45    45    45    45    45    45    45
                45    45    45    45    45    45    45    45
                45    45    45    45    45    45    45    45
ispt( 11) =      1    46    91   136   181   226   271   316
               361   406   451   496   541   586   631   676
               721   766   811   856   901   946   991  1036
              1081  1126  1171  1216  1261  1306  1351  1396
iipe( 11) =     45    45    45    45    45    45    45    45
                45    45    45    45    45    45    45    45
                45    45    45    45    45    45    45    45
                45    45    45    45    45    45    45    45
ispt( 12) =      1    46    91   136   211   226   271   316
               361   406   451   496   541   586   631   676
               721   766   811   856   901   946   991  1040
              1081  1126  1171  1216  1261  1306  1351  1396
iipe( 12) =     45    45    45    21    15    45    45    45
                45    45    45    45    45    45    45    45
                45    45    45    45    45    45    10    41
                45    45    45    45    45    45    45    45
ispt( 13) =      1    46    91   136     0   242   271   316
               361   406   451   496   566   586   631   676
               721   766   811   856   901     0  1032  1036
              1081  1126  1171  1216  1261  1306  1351  1396
iipe( 13) =     45    45    45    26     0    29    45    45
                45    45    45    13    20    45    45    45
                45    45    45    45    24     0     4    45
                45    45    45    45    45    45    45    45
ispt( 14) =      1    46    91   136     0     0   277   316
               361   406   451   496   579   586   631   676
               721   766   811   856   901   946   991  1036
              1081  1126  1171  1216  1261  1306  1351  1396
iipe( 14) =     45    45    45    25     0     0    39    45
                45    45    45     3     7    45    45    45
                45    45    45    45    45    45    45    45
                45    45    45    45    45    45    45    45
ispt( 15) =      1    46    91     0     0   262   271   316
               361   406   451   496     0   595   631   676
               721   766   811   856   901   946   991  1036
              1081  1126  1171  1216  1261  1306  1351  1396
iipe( 15) =     45    45    45     0     0     9    45    45
                45    45    45     3     0    36    45    45
                45    45    45    45    45    45    45    45
                45    45    45    45    45    45    45    45
ispt( 16) =      1    46    91     0   207   226   271   316
               361   406   451     0     0   600   631   676
               721   766   811   856   901   946   991  1036
              1081  1126  1171  1216  1261  1306  1351  1396
iipe( 16) =     45    45    42     0    19    45    45    45
                45    45    34     0     0    31    45    45
                45    45    45    45    45    45    45    45
                45    45    45    45    45    45    45    45
ispt( 17) =      1    46    91   136   181   226   271   316
               361   441   451     0     0   598   631   676
               721   766   811   856   901   946   991  1036
              1081  1126  1171  1216  1261  1306  1351  1396
iipe( 17) =     45    45    45    45    45    45    45    45
                41    10    11     0     0    33    45    45
                45    45    45    45    45    45    45    45
                45    45    45    45    45    45    45    45
ispt( 18) =      1    46    91   136   181   226   271   316
               361     0     0     0   583   586   637   676
               721   766   811   863   901   946   991  1036
              1081  1126  1171  1216  1261  1306  1351  1396
iipe( 18) =     45    45    45    45    45    45    45    45
                19     0     0     0     3    27    39    45
                45    45    23    38    45    45    45    45
                45    45    45    45    45    45    45    45
ispt( 19) =      1    49    91   136   181   226   271   316
               361     0     0   502   541   586   631   676
               721     0     0     0   906   946   991  1036
              1081  1126  1171  1216  1261  1306  1351  1396
iipe( 19) =     16    42    45    45    45    45    45    45
                45     0     0    39    45    45    45    45
                 3     0     0     0    40    45    45    45
                45    45    45    45    45    45    45    45
ispt( 20) =      0     0   114   136   181   226   271   316
               361   406   451   496   541     0   635     0
                 0     0     0     0   911   946   991  1036
              1081  1126  1171  1216  1261  1306  1351  1396
iipe( 20) =      0     0    22    45    45    45    45    45
                45    45    45    45    45     0    23     0
                 0     0     0     0    35    45    45    45
                45    45    45    45    45    45    45    34
ispt( 21) =      0     0     0   136   181   226   271   316
               361   406   451   496   541   586   631     0
                 0     0     0     0   911   950   991  1036
              1081  1126  1171  1216  1261  1306  1351     0
iipe( 21) =      0     0     0    45    45    45    45    45
                45    45    45    45    45    45    30     0
                 0     0     0     0    32    41    45    45
                45    45    45    45    45    45    38     0
ispt( 22) =      0     0     0   162   181   226   271   316
               361   406   451     0   559   586   631     0
                 0     0     0     0     0   987   991  1036
              1081  1126  1171  1216  1261  1306  1351     0
iipe( 22) =      0     0     0    19    45    45    45    45
                45    45    45     0    27    45    23     0
                 0     0     0     0     0     4    45    45
                45    45    45    45    45    45    40     0
ispt( 23) =      0     0   112     0   200   226   271   316
               361   406   451   496     0     0     0     0
                 0     0     0     0     0   983   991  1036
              1081  1126  1171  1216  1261  1306  1351     0
iipe( 23) =      0     0    21     0    26    45    45    45
                45    45    45    28     0     0     0     0
                 0     0     0     0     0     8    45    45
                45    45    45    45    45    45    31     0
ispt( 24) =      0    73    91   136   181   226   271   316
               361   406   451   496   541     0     0     0
                 0     0     0     0     0     0   991  1036
              1081  1126  1171  1216  1261  1306  1351     0
iipe( 24) =      0    18    45    45    45    45    45    45
                45    45    45    45     7     0     0     0
                 0     0     0     0     0     0    45    45
                45    45    45    45    45    45     8     0
ispt( 25) =      0    65    91   136   181   226   274   316
               361   406   451   501   541     0     0     0
                 0     0     0     0     0     0     0  1068
              1081  1129  1171  1216  1261  1306     0     0
iipe( 25) =      0    26    45    45    45    35    42    45
                45    45    24    40    14     0     0     0
                 0     0     0     0     0     0     0    13
                19    42    45    45    45    38     0     0
ispt( 26) =      0    66    91   136   181   226   290   316
               361   406   451   508   558     0     0     0
                 0     0     0     0     0     0     0  1078
              1081  1126  1171  1216     0     0     0     0
iipe( 26) =      0    25    45    45    45    32    26    45
                45    45    33    18    19     0     0     0
                 0     0     0     0     0     0     0     3
                45    45    45    11     0     0     0     0
ispt( 27) =      0    74    91   136   181   226     0   339
               361   406   451   496   544     0     0     0
                 0     0     0     0     0   986   991  1036
              1081  1126  1171     0     0     0     0     0
iipe( 27) =      0    17    45    45    45    38     0    22
                45    45    45     3    39     0     0     0
                 0     0     0     0     0     5    45    45
                45    45    42     0     0     0     0     0
ispt( 28) =      0     0   110   136   181   226     0   346
               361   406   451   496   541   586     0     0
                 0     0     0     0     0   952   991  1036
              1081  1126  1171  1216  1261     0     0     0
iipe( 28) =      0     0    26    45    45    39     0    15
                45    45    45    45    45    11     0     0
                 0     0     0     0     0    39    45    45
                45    45    45    45    31     0     0     0
ispt( 29) =      0     0   128   136   181   226     0   357
               361   406   451   496   541   586     0     0
                 0     0     0     0   932   946   991  1036
              1081  1126  1171  1216  1261     0     0     0
iipe( 29) =      0     0     8    45    45    39     0     4
                45    45    45    45    45    18     0     0
                 0     0     0     0    14    45    45    45
                45    45    45    45    40     0     0     0
ispt( 30) =      0     0    99   136   181   226   271   316
               361   406   451   496   541   586     0     0
                 0     0     0   856   925   946   991  1036
              1081  1126  1171  1216  1261  1306     0     0
iipe( 30) =      0     0    37    45    45    45    45    45
                45    45    45    45    45    30     0     0
                 0     0     0     7    21    45    45    45
                45    45    45    45    45    12     0     0
ispt( 31) =      0     0    94   136   181   226   271   316
               361   406   451   496   541   586     0     0
                 0   807   811   856   901   946   991  1036
              1081  1126  1171  1216  1261  1306  1351     0
iipe( 31) =      0     0    42    45    45    45    45    45
                45    45    45    45    45    30     0     0
                 0     4    45    45    45    45    45    45
                45    45    45    45    45    45     3     0
ispt( 32) =      0    46    91   136   181   226   271   316
               361   406   451   496   541   586   631     0
                 0   766   811   856   901   946   991  1036
              1081  1126  1171  1216  1261  1306  1351     0
iipe( 32) =      0    45    45    45    45    45    45    45
                45    45    45    45    45    45    45     0
                 0    45    45    45    45    45    45    45
                45    45    45    45    45    45    45     0
 
jspt(  1) =      1    37    73   109   145   181   217   253
               289   325   361   397   433   469   505   541
               578   614   650   686   722   758   794   830
               866   902   938   974  1010  1046  1082  1118
jjpe(  1) =     36    36    36    36    36    36    36    36
                36    36    36    36    36    36    36    37
                36    36    36    36    36    36    36    36
                36    36    36    36    36    36    36    36
