  npes   npe   mpe   idm   jdm  ibig  jbig  nreg  minsea  maxsea  avesea
  2482    60    58  1440  1153    24    20     2       0     480     401

ispt(  1) =      0     0     0     0     0     0     0     0
                 0     0     0     0     0     0     0     0
                 0     0     0     0     0     0     0     0
                 0     0     0     0     0     0     0     0
                 0     0     0     0     0     0     0     0
                 0     0     0     0     0     0     0     0
                 0     0     0     0     0     0     0     0
                 0     0     0     0
iipe(  1) =      0     0     0     0     0     0     0     0
                 0     0     0     0     0     0     0     0
                 0     0     0     0     0     0     0     0
                 0     0     0     0     0     0     0     0
                 0     0     0     0     0     0     0     0
                 0     0     0     0     0     0     0     0
                 0     0     0     0     0     0     0     0
                 0     0     0     0
ispt(  2) =      0     0     0     0     0     0     0     0
                 0     0   253   265   289     0     0     0
                 0     0     0     0     0     0     0     0
                 0     0     0     0     0     0     0     0
                 0     0     0     0     0     0     0     0
                 0     0     0     0     0  1098  1105     0
              1153  1177  1201  1225  1249     0     0     0
                 0     0     0     0
iipe(  2) =      0     0     0     0     0     0     0     0
                 0     0    12    24    14     0     0     0
                 0     0     0     0     0     0     0     0
                 0     0     0     0     0     0     0     0
                 0     0     0     0     0     0     0     0
                 0     0     0     0     0     7     3     0
                24    24    24    24     3     0     0     0
                 0     0     0     0
ispt(  3) =      0     0     0     0     0     0     0     0
                 0   233   241   265   289   313     0     0
                 0     0     0     0     0     0     0     0
                 0     0     0     0     0     0     0     0
                 0     0     0     0     0     0     0     0
                 0     0     0     0     0  1090  1105  1129
              1153  1177  1201  1225  1249  1273     0     0
                 0     0     0     0
iipe(  3) =      0     0     0     0     0     0     0     0
                 0     8    24    24    24     8     0     0
                 0     0     0     0     0     0     0     0
                 0     0     0     0     0     0     0     0
                 0     0     0     0     0     0     0     0
                 0     0     0     0     0    15    24    24
                24    24    24    24    24     6     0     0
                 0     0     0     0
ispt(  4) =      0     0     0     0     0     0     0     0
               208   217   241   265   289   313   337     0
                 0     0     0     0     0     0     0     0
                 0     0     0     0     0     0     0     0
                 0     0     0     0     0     0     0     0
                 0     0     0     0     0  1090  1105  1129
              1153  1177  1201  1225  1249  1273  1297     0
                 0     0     0     0
iipe(  4) =      0     0     0     0     0     0     0     0
                 9    24    24    24    24    24     3     0
                 0     0     0     0     0     0     0     0
                 0     0     0     0     0     0     0     0
                 0     0     0     0     0     0     0     0
                 0     0     0     0     0    15    24    24
                24    24    24    24    24    24     3     0
                 0     0     0     0
ispt(  5) =      1    25     0     0     0     0     0     0
               193   217   241   265   289   313   337     0
                 0     0     0     0     0     0     0     0
                 0     0     0     0     0     0     0     0
                 0     0     0     0     0     0     0     0
                 0     0     0     0     0  1091  1105  1129
              1153  1177  1201  1225  1249  1273  1297  1321
              1345  1369     0  1428
iipe(  5) =     24    11     0     0     0     0     0     0
                24    24    24    24    24    24    16     0
                 0     0     0     0     0     0     0     0
                 0     0     0     0     0     0     0     0
                 0     0     0     0     0     0     0     0
                 0     0     0     0     0    14    24    24
                24    24    24    24    24    24    24    24
                24     3     0    13
ispt(  6) =      1    25     0    88    97   121   145     0
               196   217   241   265   289   313   337   361
                 0     0     0     0     0     0     0     0
                 0     0     0     0     0     0     0     0
                 0     0     0     0     0     0     0     0
                 0     0     0     0     0  1100  1105  1129
              1153  1177  1201  1225  1249  1273  1297  1321
              1345  1369  1393  1417
iipe(  6) =     24     9     0     9    24    24     7     0
                21    24    24    24    24    24    24     4
                 0     0     0     0     0     0     0     0
                 0     0     0     0     0     0     0     0
                 0     0     0     0     0     0     0     0
                 0     0     0     0     0     5    24    24
                24    24    24    24    24    24    24    24
                24    24    24    24
ispt(  7) =      1    25    49    73    97   121   145     0
               198   217   241   265   289   313   337   361
               385   409   433     0     0     0     0     0
                 0     0     0     0     0   713   721     0
                 0     0     0     0     0     0     0     0
                 0     0     0     0     0     0  1113  1129
              1153  1177  1201  1225  1249  1273  1297  1321
              1345  1369  1393  1417
iipe(  7) =     24    24    24    24    24    24     7     0
                19    24    24    24    24    24    24    24
                24    24    13     0     0     0     0     0
                 0     0     0     0     0     8     6     0
                 0     0     0     0     0     0     0     0
                 0     0     0     0     0     0    16    24
                24    24    24    24    24    24    24    24
                24    24    24    24
ispt(  8) =      1    25    49    73    97   121   145     0
               193   217   241   265   289   313   337   361
               385   409   433   457   481   505   529   553
               581     0     0     0     0   715   721     0
                 0     0     0     0     0     0     0     0
                 0     0     0     0  1078  1081  1105  1129
              1153  1177  1201  1225  1249  1273  1297  1321
              1345  1369  1393  1417
iipe(  8) =     24    24    24    24    24    24    24     0
                24    24    24    24    24    24    24    24
                24    24    24    24    24    24    24    21
                20     0     0     0     0     6    24     0
                 0     0     0     0     0     0     0     0
                 0     0     0     0     3    24    24    24
                24    24    24    24    24    24    24    24
                24    24    24    24
ispt(  9) =      1    25    49    73    97   121   145   169
               193   217   241   265   289   313   337   361
               385   409   433   457   481   505   529   553
               577   601   625     0     0   700   721   745
               769     0     0     0     0     0     0     0
                 0     0  1018  1033  1057  1081  1105  1129
              1153  1177  1201  1225  1249  1273  1297  1321
              1345  1369  1393  1417
iipe(  9) =     24    24    24    24    24    24    24    24
                24    24    24    24    24    24    24    24
                24    24    24    24    24    24    24    24
                24    24    10     0     0    21    24    24
                 4     0     0     0     0     0     0     0
                 0     0    15    24    24    24    24    24
                24    24    24    24    24    24    24    24
                24    24    24    24
ispt( 10) =      1    25    49    73    97   121   145   169
               196   217   241   265   289   313   337   361
               385   409   433   457   481   505   529   553
               577   601   625   649   673   697   721   745
               769   793   817   841   865   889   913   937
               961   985  1009  1033  1057  1081  1105  1129
              1153  1177  1201  1225  1249  1273  1297  1321
              1345  1369  1393  1417
iipe( 10) =     24    24    24    24    24    24    24    14
                21    24    24    24    24    24    24    24
                24    24    24    24    24    24    24    24
                24    24    24    24    24    24    24    24
                24    24    24    24    24    24    24    24
                24    24    24    24    24    24    24    24
                24    24    24    24    24    24    24    24
                24    24    24    24
ispt( 11) =      1    25    49    73    97   121   145   169
               193   217   241   265   289   313   337   361
               385   409   433   457   481   505   529   553
               577   601   625   649   673   697   721   745
               769   793   817   841   865   889   913   937
               961   985  1009  1033  1057  1081  1105  1129
              1153  1177  1201  1225  1249  1273  1297  1321
              1345  1369  1393  1417
iipe( 11) =     24    24    24    24    24    24    24    24
                24    24    24    24    24    24    24    24
                24    24    24    24    24    24    24    24
                24    24    24    24    24    24    24    24
                24    24    24    24    24    24    24    24
                24    24    24    24    24    24    24    24
                24    24    24    24    24    24    24    24
                24    24    24    24
ispt( 12) =      1    25    49    73    97   121   145   169
               193   217   241   265   289   313   337   361
               385   409   433   457   481   505   529   553
               577   601   625   649   673   697   721   745
               769   793   817   841   865   889   913   937
               961   985  1009  1033  1057  1081  1105  1129
              1153  1177  1201  1225  1249  1273  1297  1321
              1345  1369  1393  1417
iipe( 12) =     24    24    24    24    24    24    24    24
                24    24    24    24    24    24    24    24
                24    24    24    24    24    24    24    24
                24    24    24    24    24    24    24    24
                24    24    24    24    24    24    24    24
                24    24    24    24    24    24    24    24
                24    24    24    24    24    24    24    24
                24    24    24    24
ispt( 13) =      1    25    49    73    97   121   145   169
               193   217   241   265   289   313   337   361
               385   409   433   457   481   505   529   553
               577   601   625   649   673   697   721   745
               769   793   817   841   865   889   913   937
               961   985  1009  1033  1057  1081  1105  1129
              1153  1177  1201  1225  1249  1273  1297  1321
              1345  1369  1393  1417
iipe( 13) =     24    24    24    24    24    24    24    24
                24    24    24    24    24    24    24    24
                24    24    24    24    24    24    24    24
                24    24    24    24    24    24    24    24
                24    24    24    24    24    24    24    24
                24    24    24    24    24    24    24    24
                24    24    24    24    24    24    24    24
                24    24    24    24
ispt( 14) =      1    25    49    73    97   121   145   169
               193   217   241   265   289   313   337   361
               385   409   433   457   481   505   529   553
               577   601   625   649   673   697   721   745
               769   793   817   841   865   889   913   937
               961   985  1009  1033  1057  1081  1105  1129
              1153  1177  1201  1225  1249  1273  1297  1321
              1345  1369  1393  1417
iipe( 14) =     24    24    24    24    24    24    24    24
                24    24    24    24    24    24    24    24
                24    24    24    24    24    24    24    24
                24    24    24    24    24    24    24    24
                24    24    24    24    24    24    24    24
                24    24    24    24    24    24    24    24
                24    24    24    24    24    24    24    24
                24    24    24    24
ispt( 15) =      1    25    49    73    97   121   145   169
               193   217   241   265   289   313   337   361
               385   409   433   457   481   505   529   553
               577   601   625   649   673   697   721   745
               769   793   817   841   865   889   913   937
               961   985  1009  1033  1057  1081  1105  1129
              1153  1177  1201  1225  1249  1273  1297  1321
              1345  1369  1393  1417
iipe( 15) =     24    24    24    24    24    24    24    24
                24    24    24    24    24    24    24    24
                24    24    24    24    24    24    24    24
                24    24    24    24    24    24    24    24
                24    24    24    24    24    24    24    24
                24    24    24    24    24    24    24    24
                24    24    24    24    24    24    24    24
                24    24    24    24
ispt( 16) =      1    25    49    73    97   121   145   169
               193   217   241   265   289   313   337   361
               385   409   433   457   481   505   529   553
               577   601   625   649   673   697   721   745
               769   793   817   841   865   889   913   937
               961   985  1009  1033  1057  1081  1105  1129
              1153  1177  1201  1225  1249  1273  1297  1321
              1345  1369  1393  1417
iipe( 16) =     24    24    24    24    24    24    24    24
                24    24    24    24    24    24    24    24
                24    24    24    24    24    24    24    24
                24    24    24    24    24    24    24    24
                24    24    24    24    24    24    24    24
                24    24    24    24    24    24    24    24
                24    24    24    24    24    24    24    24
                24    24    24    24
ispt( 17) =      1    25    49    73    97   121   145   169
               193   217   241   265   289   313   337   361
               385   409   433   457   481   505   529   553
               577   601   625   649   673   697   721   745
               769   793   817   841   865   889   913   937
               961   985  1009  1033  1057  1081  1105  1129
              1153  1177  1201  1225  1249  1273  1297  1321
              1345  1369  1393  1417
iipe( 17) =     24    24    24    24    24    24    24    24
                24    24    24    24    24    24    24    24
                24    24    24    24    24    24    24    24
                24    24    24    24    24    24    24    24
                24    24    24    24    24    24    24    24
                24    24    24    24    24    24    24    24
                24    24    24    24    24    24    24    24
                24    24    24    24
ispt( 18) =      1    25    49    73    97   121   145   169
               193   217   241   265   289   313   337   361
               385   409   433   457   481   505   529   553
               577   601   625   649   673   697   721   745
               769   793   817   841   865   889   913   937
               961   985  1009  1033  1057  1081  1105  1129
              1153  1177  1201  1225  1249  1273  1297  1321
              1345  1369  1393  1417
iipe( 18) =     24    24    24    24    24    24    24    24
                24    24    24    24    24    24    24    24
                24    24    24    24    24    24    24    24
                24    24    24    24    24    24    24    24
                24    24    24    24    24    24    24    24
                24    24    24    24    24    24    24    24
                24    24    24    24    24    24    24    24
                24    24    24    24
ispt( 19) =      1    25    49    73    97   121   145   179
               193   217   241   265   289   313   337   361
               385   409   433   457   481   505   529   553
               577   601   625   649   673   697   721   745
               769   793   817   841   865   889   913   937
               961   985  1009  1033  1057  1081  1105  1129
              1153  1177  1201  1225  1249  1273  1297  1321
              1345  1369  1393  1417
iipe( 19) =     24    24    24    24    24    24     6    14
                24    24    24    24    24    24    24    24
                24    24    24    24    24    24    24    24
                24    24    24    24    24    24    24    24
                24    24    24    24    24    24    24    24
                24    24    24    24    24    24    24    24
                24    24    24    24    24    24    24    24
                24    24    24    24
ispt( 20) =      1    25    49    73    97   121   145   190
               193   217   241   265   289   313   337   361
               385   409   433   457   481   505   529   553
               577   601   625   649   673   697   721   745
               769   793   817   841   865   889   913   937
               961   985  1009  1033  1057  1081  1105  1129
              1153  1177  1201  1225  1249  1273  1297  1321
              1345  1369  1393  1417
iipe( 20) =     24    24    24    24    24    24     7     3
                24    24    24    24    24    24    24    24
                24    24    24    24    24    24    24    24
                24    24    24    24    24    24    24    24
                24    24    24    24    24    24    24    24
                24    24    24    24    24    24    24    24
                24    24    24    24    24    24    24    24
                24    24    24    24
ispt( 21) =      1    25    49    73    97   121   145     0
               211   217   241   265   289   313   337   361
               385   409   433   457   481   505   529   553
               577   601   625   649   673   697   721   745
               769   793   817   841   865   889   913   937
               961   985     0  1040  1057  1081  1105  1129
              1153  1177  1201  1225  1249  1273  1297  1321
              1345  1369  1393  1417
iipe( 21) =     24    24    24    24    24    24    11     0
                 6    24    24    24    24    24    24    24
                24    24    24    24    24    24    24    24
                24    24    24    24    24    24    24    24
                24    24    24    24    24    24    24    24
                24    16     0    17    24    24    24    24
                24    24    24    24    24    24    24    24
                24    24    24    24
ispt( 22) =      1    25    49    73    97   121   145     0
                 0   231   241   265   289   313   337   361
               385   409   433   457   481   505     0   553
               577   601   625   649   673   697   721   745
               769   793   817   841   865   889     0   943
               961     0     0  1050  1057  1081  1105  1129
              1153  1177  1201  1225  1249  1273  1297  1321
              1345  1369  1393  1417
iipe( 22) =     24    24    24    24    24    24    13     0
                 0    10    24    24    24    24    24    24
                24    24    24    24    24    10     0    24
                24    24    24    24    24    24    24    24
                24    24    24    24    24    16     0    18
                16     0     0     7    24    24    24    24
                24    24    24    24    24    24    24    24
                24    24    24    24
ispt( 23) =      1    25    49    73    97   121   145     0
                 0     0   245   265   289   313   337   361
               385   409   433   457   481     0     0   570
               577   601   625   649   673   697   721   745
               769   793   817   841   865   889     0     0
                 0     0     0  1040  1057  1081  1105  1129
              1153  1177  1201  1225  1249  1273  1297  1321
              1345  1369  1393  1417
iipe( 23) =     24    24    24    24    24    24    16     0
                 0     0    20    24    24    24    24    24
                24    24    24    24    24     0     0     7
                24    24    24    24    24    24    24    24
                24    24    24    24    24    10     0     0
                 0     0     0    17    24    24    24    24
                24    24    24    24    24    24    24    24
                24    24    24    24
ispt( 24) =      1    25    49    73    97   121   145     0
                 0     0   259   265   289   313   337   361
               385   409   433   457   481     0     0     0
               577   601   631   649   673   697   721   745
               769   793   817   841   865   889   913     0
                 0     0  1024  1033  1057  1081  1105  1129
              1153  1177  1201  1225  1249  1273  1297  1321
              1345  1369  1393  1417
iipe( 24) =     24    24    24    24    24    24    17     0
                 0     0     6    24    24    24    24    24
                24    24    24    24    19     0     0     0
                24    19    18    24    24    24    24    24
                24    24    24    24    24    24    18     0
                 0     0     9    24    24    24    24    24
                24    24    24    24    24    24    24    24
                24    24    24    24
ispt( 25) =      1    25    49    73    97   121   145     0
                 0     0     0   281   289   313   337   361
               385   409   433   457   481     0     0     0
               585   601   625   649   673   697   721   745
               769   793   817   841   865   889   913   937
               961   985  1009  1033  1057  1081  1105  1129
              1153  1177  1201  1225  1249  1273  1297  1321
              1345  1369  1393  1417
iipe( 25) =     24    24    24    24    24    24    16     0
                 0     0     0     8    24    24    24    24
                24    24    24    24    13     0     0     0
                16    24    24    24    24    24    24    24
                24    24    24    24    24    24    24    24
                24    24    24    24    24    24    24    24
                24    24    24    24    24    24    24    24
                24    24    24    24
ispt( 26) =      1    25    49    73    97   121     0     0
                 0     0     0   284   289   313   337   361
               385   409   433   457   481     0     0     0
               597   601   625   649   673   697   721   745
               769   793   817   841   865   889   913   937
               961   985  1009  1033  1057  1081  1105  1129
              1153  1177  1201  1225  1249  1273  1297  1321
              1345  1369  1393  1417
iipe( 26) =     24    24    24    24    24    16     0     0
                 0     0     0     5    24    24    24    24
                24    24    24    24    16     0     0     0
                 4    24    24    24    24    24    24    24
                24    24    24    24    24    24    24    24
                24    24    24    24    24    24    24    24
                24    24    24    24    24    24    24    24
                24    24    24    24
ispt( 27) =      1    25    49    73    97   121     0     0
                 0     0     0   275   289   313   337   361
               385   409   433   457   481     0     0     0
               595   601   625   649   673   697   721   745
               769   793   817   841   865   889   913   937
               961   985  1009  1033  1057  1081  1105  1129
              1153  1177  1201  1225  1249  1273  1297  1321
              1345  1369  1393  1417
iipe( 27) =     24    24    24    24    24     7     0     0
                 0     0     0    14    24    24    24    24
                24    24    24    24    14     0     0     0
                 6    24    24    24    24    24    24    24
                24    24    24    24    24    24    24    24
                24    24    24    24    24    24    24    24
                24    24    24    24    24    24    24    24
                24    24    24    24
ispt( 28) =      1    25    49    73    97   121     0     0
                 0   238   241   265   289   313   337   361
               385   409   433   457   481     0     0     0
               598   601   625   649   673   697   721   745
               769   793   817   841   865   889   913   937
               961   985  1009  1033  1057  1081  1105  1129
              1153  1177  1201  1225  1249  1273  1297  1321
              1345  1369  1393  1417
iipe( 28) =     24    24    24    24    24     5     0     0
                 0     3    24    24    24    24    24    24
                24    24    24    24     7     0     0     0
                 3    24    24    24    24    24    24    24
                24    24    24    24    24    24    24    24
                24    24    24    24    24    24    24    24
                24    24    24    24    24    24    24    24
                24    24    24    24
ispt( 29) =      1    25    49    73    97   121     0     0
               207   217   241   265   289   313   337   361
               385   409   433   457     0     0     0     0
                 0   614   625   649   673   697   721   745
               769   793   817   841   865   889   913   937
               961   985  1009  1033  1057  1081  1105  1129
              1153  1177  1201  1225  1249  1273  1297  1321
              1345  1369  1393  1417
iipe( 29) =     24    24    24    24    24    12     0     0
                10    24    24    24    24    24    24    24
                24    24    24    24     0     0     0     0
                 0    11    24    24    24    24    24    24
                24    24    24    24    24    24    24    24
                24    24    24    24    24    24    24    24
                24    24    24    24    24    24    24    24
                24    24    24    24
ispt( 30) =      1    25    49    73    97   121   145   169
               193   217   241   265   289   313   337   361
               385     0   441   457     0     0     0     0
                 0   613   625   649   673   697   721   745
               769   793   817   841   865   889   913   937
               961   985  1009  1033  1057  1081  1105  1129
              1153  1177  1201  1225  1249  1273  1297  1321
              1345  1369  1393  1417
iipe( 30) =     24    24    24    24    24    24    24    24
                24    24    24    24    24    24    24    24
                17     0    16     5     0     0     0     0
                 0    12    24    24    24    24    24    24
                24    24    24    24    24    24    24    24
                24    24    24    24    24    24    24    24
                24    24    24    24    24    24    24    24
                24    24    24    24
ispt( 31) =      1    25    49    73    97   121   145   169
               193   217   241   265   289   313   337   361
                 0     0     0     0     0     0     0     0
               597   601   625   649   673   697   721   745
               769   793   817   841   870   889   913   937
               961   985  1009  1033  1057  1081  1105  1129
              1153  1177  1201  1225  1249  1273  1297  1321
              1345  1369  1393  1417
iipe( 31) =     24    24    24    24    24    24    24    24
                24    24    24    24    24    24    24    24
                 0     0     0     0     0     0     0     0
                 4    24    24    24    24    24    24    24
                24    24    24    18    19    24    24    24
                24    24    24    24    24    24    24    24
                24    24    24    24    24    24    24    24
                24    24    24    24
ispt( 32) =      1    25    49    73    97   121   145   169
               193   217   241   265   289   313   337   361
                 0     0     0     0     0     0     0     0
               589   601   646   649   673   697   721   761
               769   793   817   862   865   889   913   937
               961   985  1009  1033  1057  1081  1105  1129
              1153  1177  1201  1225  1249  1273  1297  1321
              1345  1369  1393  1417
iipe( 32) =     24    24    24    24    24    24    24    24
                24    24    24    24    24    24    24    17
                 0     0     0     0     0     0     0     0
                12    12     3    24    24    24    16     8
                24    24    16     3    24    24    24    24
                24    24    24    24    24    24    24    24
                24    24    24    24    24    24    24    24
                24    24    24    24
ispt( 33) =      1     0    49    73    97   121   145   169
               193   217   241   265   289   313   337   361
                 0     0     0     0     0     0     0     0
               577   601   641   649   673   697   721     0
               787   793     0     0   865   889   913   937
               961   985  1009  1033  1057  1081  1105  1129
              1153  1177  1201  1225  1249  1273  1297  1321
              1345  1369  1393  1417
iipe( 33) =     20     0    24    24    24    24    24    24
                24    24    24    24    24    24    24    24
                 0     0     0     0     0     0     0     0
                24     3     8    24    24    24    12     0
                 6    20     0     0    24    24    24    24
                24    24    24    24    24    24    24    24
                24    24    24    24    24    24    24    24
                24    24    24    24
ispt( 34) =      1     0    49    73    97   121   145   169
               193   217   241   265   289   313   337   361
               385     0     0     0     0     0     0   569
               577     0   633   649   673   697     0     0
                 0     0     0     0     0     0   916   937
               961   985  1009  1033  1057  1081  1105  1129
              1153  1177  1201  1225  1249  1273  1297  1321
              1345  1369  1393  1417
iipe( 34) =      9     0    24    24    24    24    24    24
                24    24    24    24    24    24    24    24
                18     0     0     0     0     0     0     8
                13     0    16    24    24    12     0     0
                 0     0     0     0     0     0    21    24
                24    24    24    24    24    24    24    24
                24    24    24    24    24    24    24    24
                24    24    24    24
ispt( 35) =      0     0    61    73    97   121   145   169
               193   217   241   265   289   313   337   361
               385   409     0   478   481   505   529   553
               577     0   633     0     0     0     0     0
                 0     0     0     0     0     0   919   937
               961   985  1009  1033  1057  1081  1105  1129
              1153  1177  1201  1225  1249  1273  1297  1321
              1345  1369  1393  1417
iipe( 35) =      0     0    12    24    24    24    24    24
                24    24    24    24    24    24    24    24
                24     7     0     3    24    24    24    24
                 8     0    12     0     0     0     0     0
                 0     0     0     0     0     0    18    24
                24    24    24    24    24    24    24    24
                24    24    24    24    24    24    24    24
                24    24    24    15
ispt( 36) =      0     0     0     0     0   124   145   169
               193   217   241   265   289   313   337   361
               385   409   433   457   481   505   529   553
               577     0   636   649     0     0     0     0
                 0     0     0     0     0   910   913   937
               961   985  1009  1033  1057  1081  1105  1129
              1153  1177  1201  1225  1249  1273  1297  1321
              1345  1369  1393     0
iipe( 36) =      0     0     0     0     0    21    24    24
                24    24    24    24    24    24    24    24
                24    24    24    24    24    24    24    24
                 9     0    13     9     0     0     0     0
                 0     0     0     0     0     3    24    24
                24    24    24    24    24    24    24    24
                24    24    24    24    24    24    24    24
                24    24    17     0
ispt( 37) =      0     0     0     0     0   134   145   169
               193   217   241   265   289   313   337   361
               385     0   436   457   481   505   529   553
               577   601   633   649     0     0     0     0
                 0     0     0     0     0   910   913   937
               961   985  1009  1033  1057  1081  1105  1129
              1153  1177  1201  1225  1249  1273  1297  1321
              1345  1369     0     0
iipe( 37) =      0     0     0     0     0    11    24    24
                24    24    24    24    24    24    24    24
                24     0    21    24    24    24    24    24
                24     8    16    12     0     0     0     0
                 0     0     0     0     0     3    24    24
                24    24    24    24    24    24    24    24
                24    24    24    24    24    24    24    24
                24    24     0     0
ispt( 38) =      0     0     0     0     0     0   155   169
               193   217   241   265   289   313   337   361
               385   409   433   457   481   505   550   553
               577   601   625   649     0     0     0     0
                 0     0     0     0     0     0     0   958
               961   985  1009  1033  1057  1081  1105  1129
              1153  1177  1201  1225  1249  1273  1297  1321
              1345  1369     0     0
iipe( 38) =      0     0     0     0     0     0    14    24
                24    24    24    24    24    24    24    24
                24    24    24    24    24    15     3    24
                24    24    24    10     0     0     0     0
                 0     0     0     0     0     0     0     3
                24    24    24    24    24    24    24    24
                24    24    24    24    24    24    24    24
                24    17     0     0
ispt( 39) =      0     0     0     0     0     0   162   169
               193   217   241   265   289   313   337   361
               385   409   433     0   489     0     0   559
               577     0   628   649     0     0     0     0
                 0     0     0     0     0     0     0     0
                 0   985  1009  1033  1057  1081  1105  1129
              1153  1177  1201  1225  1249  1273  1297  1321
              1345  1369     0     0
iipe( 39) =      0     0     0     0     0     0     7    24
                24    24    24    24    24    24    24    24
                24    24     8     0     7     0     0    18
                19     0    21     5     0     0     0     0
                 0     0     0     0     0     0     0     0
                 0    24    24    24    24    24    24    24
                24    24    24    24    24    24    24    24
                24    24     0     0
ispt( 40) =      0     0     0     0   118   121   162   169
               193   217   241   265   289   313   337   361
               385   409   433   457     0     0     0     0
                 0     0     0     0     0     0     0     0
                 0     0     0     0     0     0     0     0
                 0  1001  1009  1033  1057  1081  1105  1129
              1153  1177  1201  1225  1249  1273  1297  1321
              1345  1369     0     0
iipe( 40) =      0     0     0     0     3     4     7    24
                24    24    24    24    24    24    24    24
                24    24    24     3     0     0     0     0
                 0     0     0     0     0     0     0     0
                 0     0     0     0     0     0     0     0
                 0     8    24    24    24    24    24    24
                24    24    24    24    24    24    24    24
                24    24     0     0
ispt( 41) =      0     0     0     0   112   121     0     0
               209   217   241   265   289   313   337   361
               385   409   433   457   481   505     0     0
                 0     0     0     0     0     0     0     0
                 0     0     0     0     0     0     0     0
               982   985  1009  1033  1057  1081  1105  1129
              1153  1177  1201  1225  1249  1273  1297  1321
              1345  1369     0     0
iipe( 41) =      0     0     0     0     9     7     0     0
                 8    24    24    24    24    24    24    24
                24    24    24    24    24    15     0     0
                 0     0     0     0     0     0     0     0
                 0     0     0     0     0     0     0     0
                 3    24    24    24    24    24    24    24
                24    24    24    24    24    24    24    24
                24     6     0     0
ispt( 42) =      0     0     0     0    97   121     0     0
               198   217   241   265   289   313   337   361
               385   409   433   457   481   505   529     0
                 0     0     0     0     0     0     0     0
                 0     0     0     0     0     0     0     0
               982   985  1009  1033  1057  1087  1105  1129
              1153  1177  1201  1225  1249  1273  1297  1321
              1345     0     0     0
iipe( 42) =      0     0     0     0    24    17     0     0
                19    24    24    24    24    24    24    24
                24    24    24    24    24    24     5     0
                 0     0     0     0     0     0     0     0
                 0     0     0     0     0     0     0     0
                 3    24    24    24    21    18    24    24
                24    24    24    24    24    24    24    24
                18     0     0     0
ispt( 43) =      0     0     0    73    97   121     0   172
               193   217   241   265   289   313   337   361
               385   409   433   457   481   505   529     0
                 0     0     0     0     0     0     0     0
                 0     0     0     0     0     0     0     0
                 0  1000  1009  1033  1057  1081  1105  1129
              1153  1177  1201  1225  1249  1273  1297  1321
              1345     0     0     0
iipe( 43) =      0     0     0    24    24    18     0    21
                24    24    24    24    24    24    24    24
                24    24    24    24    24    24     7     0
                 0     0     0     0     0     0     0     0
                 0     0     0     0     0     0     0     0
                 0     9    24    24    24    24    24    24
                24    24    24    24    24    24    24    24
                 9     0     0     0
ispt( 44) =      0     0    70    73    97   121   166   169
               193   217   241   265   289   313   337   361
               385   409   433   457   501   505   529   553
                 0     0     0     0     0     0     0     0
                 0     0     0     0     0     0     0     0
                 0     0     0     0  1062  1081  1105  1129
              1153  1177  1201  1225  1249  1273  1297  1321
                 0     0     0     0
iipe( 44) =      0     0     3    24    24    18     3    24
                24    24    24    24    24    24    24    24
                24    24    24     4     4    24    24     3
                 0     0     0     0     0     0     0     0
                 0     0     0     0     0     0     0     0
                 0     0     0     0    19    24    24    24
                24    24    24    24    24    24    24    24
                 0     0     0     0
ispt( 45) =      0     0    65    73    97   121   160   169
               193   217   241   277   289   313   337   361
               385   409   433   457   501   505     0     0
                 0     0     0     0     0     0     0     0
                 0     0     0     0     0     0     0     0
                 0     0     0     0     0     0     0  1144
              1153  1177  1201  1225  1263  1273  1297  1321
                 0     0     0     0
iipe( 45) =      0     0     8    24    24    20     9    24
                24    24     9    12    24    24    24    24
                24    24    24    17     4    15     0     0
                 0     0     0     0     0     0     0     0
                 0     0     0     0     0     0     0     0
                 0     0     0     0     0     0     0     9
                24    24    24     3    10    24    24     3
                 0     0     0     0
ispt( 46) =      0     0    66    73    97   121   145   169
               193   217   241   286   289   313   337   361
               385   409   433   457     0   505     0     0
                 0     0     0     0     0     0     0     0
                 0     0     0     0     0     0     0     0
                 0     0     0     0     0     0     0  1150
              1153  1177  1201  1225     0     0     0     0
                 0     0     0     0
iipe( 46) =      0     0     7    24    24    24    24    24
                24    24     4     3    24    24    24    24
                24    24    24    21     0    21     0     0
                 0     0     0     0     0     0     0     0
                 0     0     0     0     0     0     0     0
                 0     0     0     0     0     0     0     3
                24    24    24     3     0     0     0     0
                 0     0     0     0
ispt( 47) =      0     0    68    73    97   121   145   169
               193   217   241     0     0   313   337   361
               385   409   433   457   481   510     0   558
                 0     0     0     0     0     0     0     0
                 0     0     0     0     0     0     0     0
                 0     0     0     0  1078  1081  1105  1129
              1153  1177  1201     0     0     0     0     0
                 0     0     0     0
iipe( 47) =      0     0     5    24    24    24    24    24
                24    24    17     0     0    24    24    24
                24    24    24    24     3    16     0    19
                 0     0     0     0     0     0     0     0
                 0     0     0     0     0     0     0     0
                 0     0     0     0     3    24    24    24
                24    24    17     0     0     0     0     0
                 0     0     0     0
ispt( 48) =      0     0     0    73    97   121   145   169
               193   217   241     0     0     0   337   361
               385   409   433   457   481     0   544   553
               577     0     0     0     0     0     0     0
                 0     0     0     0     0     0     0     0
                 0   985  1009  1043  1057  1081  1105  1129
              1153  1177  1201     0     0     0     0     0
                 0     0     0     0
iipe( 48) =      0     0     0    24    24    24    24    24
                24    24    24     0     0     0    24    24
                24    24    24    24     5     0     9    24
                 5     0     0     0     0     0     0     0
                 0     0     0     0     0     0     0     0
                 0    24    11    14    24    24    24    24
                24    24     3     0     0     0     0     0
                 0     0     0     0
ispt( 49) =      0     0     0    92    97   121   145   169
               199   217   241     0     0     0   345   361
               385   409   433   457   481   505   544   553
               577     0     0     0     0     0     0     0
                 0     0     0     0     0     0     0     0
                 0   985  1009  1033  1057  1081  1105  1129
              1153  1177  1201     0     0     0     0     0
                 0     0     0     0
iipe( 49) =      0     0     0     5    24    24    24    14
                18    24    24     0     0     0    16    24
                24    24    24    24    24     3     9    24
                12     0     0     0     0     0     0     0
                 0     0     0     0     0     0     0     0
                 0    24    24    24    24    24    24    24
                24    24    13     0     0     0     0     0
                 0     0     0     0
ispt( 50) =      0     0     0     0   110   121   145   169
               202   217   241     0     0     0   354   361
               385   409   433   457   481   505   529   553
               577     0     0     0     0     0     0     0
                 0     0     0     0     0     0     0     0
               961   985  1009  1033  1057  1081  1105  1129
              1153  1177  1201  1225  1249     0     0     0
                 0     0     0     0
iipe( 50) =      0     0     0     0    11    24    24    12
                15    24    21     0     0     0     7    24
                24    24    24    24    24    24    24    24
                18     0     0     0     0     0     0     0
                 0     0     0     0     0     0     0     0
                24    24    24    24    24    24    24    24
                24    24    24    24    11     0     0     0
                 0     0     0     0
ispt( 51) =      0     0     0     0     0   128   145   169
               199   217   241     0     0     0   357   361
               385   409   433   457   481   505   529   553
               577     0     0     0     0     0     0     0
                 0     0     0     0     0     0   934   937
               961   985  1009  1033  1057  1081  1105  1129
              1153  1177  1201  1225  1249  1273     0     0
                 0     0     0     0
iipe( 51) =      0     0     0     0     0    17    24    11
                18    24    24     0     0     0     4    24
                24    24    24    24    24    24    24    24
                20     0     0     0     0     0     0     0
                 0     0     0     0     0     0     3    24
                24    24    24    24    24    24    24    24
                24    24    24    24    24    19     0     0
                 0     0     0     0
ispt( 52) =      0     0     0     0     0   128   145   169
               193   217   241     0     0     0   357   361
               385   409   433   457   481   505   529   553
               577     0     0     0     0     0     0     0
                 0     0     0     0     0     0   932   937
               961   985  1009  1033  1057  1081  1105  1129
              1153  1177  1201  1225  1249  1273  1297     0
                 0     0     0     0
iipe( 52) =      0     0     0     0     0    17    24    24
                24    24    24     0     0     0     4    24
                24    24    24    24    24    24    24    24
                19     0     0     0     0     0     0     0
                 0     0     0     0     0     0     5    24
                24    24    24    24    24    24    24    24
                24    24    24    24    24    24     3     0
                 0     0     0     0
ispt( 53) =      0     0     0     0   103   121   145   169
               193   217   241     0     0     0   344   361
               385   409   433   457   481   505   529   553
               577   601     0     0     0     0     0     0
                 0     0     0     0     0     0     0   958
               961   985  1009  1033  1057  1081  1105  1129
              1153  1177  1201  1225  1249  1273  1297     0
                 0     0     0     0
iipe( 53) =      0     0     0     0    18    24    24    24
                24    24    18     0     0     0    17    24
                24    24    24    24    24    24    24    24
                24     6     0     0     0     0     0     0
                 0     0     0     0     0     0     0     3
                24    24    24    24    24    24    24    24
                24    24    24    24    24    24    15     0
                 0     0     0     0
ispt( 54) =      0     0     0     0   100   121   145   169
               193   217   241   265   289   313   337   361
               385   409   433   457   481   505   529   553
               577   601     0     0     0     0     0     0
                 0     0     0     0     0     0   929   937
               961   985  1009  1033  1057  1081  1105  1129
              1153  1177  1201  1225  1249  1273  1297     0
                 0     0     0     0
iipe( 54) =      0     0     0     0    21    24    24    24
                24    24    24    24    24    24    24    24
                24    24    24    24    24    24    24    24
                24     8     0     0     0     0     0     0
                 0     0     0     0     0     0     8    24
                24    24    24    24    24    24    24    24
                24    24    24    24    24    24    21     0
                 0     0     0     0
ispt( 55) =      0     0     0    94    97   121   145   169
               193   217   241   265   289   313   337   361
               385   409   433   457   481   505   529   553
               577   601     0     0     0     0     0     0
                 0   811   817   856   865   893   913   937
               961   985  1009  1033  1057  1081  1105  1129
              1153  1177  1201  1225  1249  1273  1297  1321
                 0     0     0     0
iipe( 55) =      0     0     0     3    24    24    24    24
                24    24    24    24    24    24    24    24
                24    24    24    24    24    24    24    24
                24    15     0     0     0     0     0     0
                 0     6     7     9    11    20    24    24
                24    24    24    24    24    24    24    24
                24    24    24    24    24    24    24     8
                 0     0     0     0
ispt( 56) =      0     0     0    94    97   121   145   169
               193   217   241   265   289   313   337   361
               385   409   433   457   481   505   529   553
               577   601     0     0     0     0     0     0
                 0   809   817   854   865   889   913   937
               961   985  1009  1033  1057  1081  1105  1129
              1153  1177  1201  1225  1249  1273  1297  1321
              1345     0     0     0
iipe( 56) =      0     0     0     3    24    24    24    24
                24    24    24    24    24    24    24    24
                24    24    24    24    24    24    24    24
                24    11     0     0     0     0     0     0
                 0     8    15    11    24    24    24    24
                24    24    24    24    24    24    24    24
                24    24    24    24    24    24    24    24
                 7     0     0     0
ispt( 57) =      0     0     0    90    97   128   145   169
               193   217   241   265   289   313   337   361
               385   409   433   457   481   505   529   553
               577   601     0     0     0     0     0     0
               786   793   817   841   865   889   913   937
               961   985  1009  1033  1057  1081  1105  1129
              1153  1177  1201  1225  1249  1273  1297  1321
              1345     0     0     0
iipe( 57) =      0     0     0     7    16    17    24    24
                24    24    24    24    24    24    24    24
                24    24    24    24    24    24    24    24
                24    24     0     0     0     0     0     0
                 7    24    24    24    24    24    24    24
                24    24    24    24    24    24    24    24
                24    24    24    24    24    24    24    24
                10     0     0     0
ispt( 58) =      0     0     0    73    97   121   145   169
               193   217   241   265   289   313   337   361
               385   409   433   457   481   505   529   553
               577   601   625   649     0     0     0     0
               769   793   817   841   865   889   913   937
               961   985  1009  1033  1057  1081  1105  1129
              1153  1177  1201  1225  1249  1273  1297  1321
              1345     0     0     0
iipe( 58) =      0     0     0    24    24    24    24    24
                24    24    24    24    24    24    24    24
                24    24    24    24    24    24    24    24
                24    24    24    24     0     0     0     0
                24    24    24    24    24    24    24    24
                24    24    24    24    24    24    24    24
                24    24    24    24    24    24    24    24
                24     0     0     0
 
jspt(  1) =      1    20    39    58    78    98   118   138
               158   178   198   218   238   258   278   298
               318   338   358   378   398   418   438   458
               478   498   518   538   558   578   598   618
               638   658   678   698   718   738   758   778
               798   818   838   858   878   898   918   938
               958   978   998  1018  1038  1058  1078  1097
              1116  1135
jjpe(  1) =     19    19    19    20    20    20    20    20
                20    20    20    20    20    20    20    20
                20    20    20    20    20    20    20    20
                20    20    20    20    20    20    20    20
                20    20    20    20    20    20    20    20
                20    20    20    20    20    20    20    20
                20    20    20    20    20    20    19    19
                19    19
